K-means clustering with 2 clusters of sizes 8915, 1084

Cluster means:
         dt distance aver_speed
1  683.3568 2162.684   3.688172
2 1652.0572 9869.783   9.090333

Clustering vector:
   [1] 1 1 1 1 1 1 1 2 1 1 1 1 2 1 1 1 1 1 1 1 1 2 1 1 1 1 1 1 1 2 1 1 2 2 1 1 1 1 1 1 2 1 1 1 1 1 1 1 1
  [50] 1 1 2 1 1 1 1 1 1 1 2 1 1 1 1 1 1 2 1 1 1 1 1 1 1 1 1 1 1 1 2 1 1 1 1 1 2 1 1 1 1 1 1 1 1 1 2 1 1
  [99] 1 1 1 1 1 1 1 1 1 1 1 1 1 1 1 1 1 2 1 1 2 1 1 1 1 1 1 1 1 1 1 1 1 1 1 1 1 1 1 1 1 1 1 1 2 1 1 2 1
 [148] 1 2 1 1 1 1 1 1 1 1 1 1 1 1 1 2 1 1 1 1 2 1 1 1 2 1 1 1 1 1 2 2 1 1 1 1 1 1 1 2 1 2 1 1 1 1 1 1 1
 [197] 1 1 1 1 1 1 1 1 1 1 1 1 2 1 1 1 1 1 1 1 1 2 1 1 2 1 2 2 1 2 1 2 1 1 1 1 1 1 1 1 1 1 2 2 1 1 1 1 1
 [246] 1 1 1 2 1 1 1 2 1 1 1 1 1 2 1 1 1 1 1 1 1 2 1 1 1 1 1 1 2 2 1 1 1 1 1 1 1 1 1 1 1 1 1 1 1 1 1 1 1
 [295] 1 1 1 1 1 1 1 1 1 1 1 1 1 1 1 1 1 1 1 1 1 1 1 1 1 2 1 1 1 1 1 2 1 1 1 1 1 1 1 1 1 1 1 1 1 1 1 1 1
 [344] 2 1 1 1 1 1 1 1 1 1 1 1 1 1 1 1 2 1 1 1 1 2 1 2 1 1 1 1 1 1 1 1 1 1 1 1 1 1 1 1 2 1 1 1 1 1 1 1 1
 [393] 1 1 1 1 1 1 1 1 1 1 1 1 2 1 1 1 1 1 1 1 2 1 1 1 2 1 1 1 1 1 1 1 1 2 1 2 1 1 1 1 1 2 1 1 1 1 1 1 1
 [442] 1 1 1 1 1 1 1 1 2 1 1 1 1 1 1 1 1 1 1 1 1 1 1 1 1 1 1 1 1 1 1 1 1 1 1 1 1 1 2 1 1 1 1 1 1 1 1 1 1
 [491] 1 1 2 1 1 1 1 2 1 1 1 1 1 2 1 1 1 1 1 1 1 1 1 2 1 1 1 1 1 1 1 1 1 1 2 1 1 1 1 2 1 1 1 1 1 1 1 1 1
 [540] 1 1 1 1 1 1 1 1 1 1 1 1 1 1 2 1 1 2 1 1 1 1 1 1 1 1 1 1 1 1 1 1 1 1 1 1 1 1 1 1 1 1 1 1 1 1 1 1 1
 [589] 1 1 1 1 1 2 1 1 1 1 1 1 1 1 1 2 1 1 1 1 1 2 1 1 1 1 1 1 1 1 1 1 1 1 1 1 1 1 1 1 1 1 1 1 1 1 1 1 1
 [638] 1 1 1 1 1 1 1 1 1 1 1 1 1 1 1 1 1 2 2 1 1 1 1 1 1 1 1 2 2 1 1 1 1 1 1 1 1 1 1 1 1 1 1 1 1 1 1 1 1
 [687] 1 1 1 1 1 1 2 1 2 1 1 1 2 1 1 1 1 1 1 1 2 2 1 1 1 1 1 1 1 1 1 1 1 1 1 1 1 1 1 1 1 1 1 1 1 1 1 2 1
 [736] 1 1 1 1 1 1 1 1 2 1 1 1 1 1 1 1 1 1 2 1 1 1 1 1 1 1 1 1 2 1 1 1 1 1 1 1 1 1 1 1 1 1 1 1 1 1 1 1 1
 [785] 1 1 1 1 1 1 1 1 1 1 1 1 1 2 1 2 1 1 1 2 1 2 1 1 1 1 1 2 1 1 1 1 1 1 1 1 1 1 1 1 1 1 1 1 1 1 1 1 1
 [834] 1 2 1 1 1 1 1 1 1 1 1 1 1 1 1 1 2 1 1 1 1 1 1 1 1 1 1 1 1 1 1 1 1 2 1 1 1 1 1 1 1 1 1 1 1 1 1 2 1
 [883] 1 1 1 1 2 2 1 1 1 1 1 1 1 1 1 1 1 1 1 2 1 1 1 2 1 1 1 1 2 1 1 1 2 1 1 1 1 1 1 1 1 2 1 1 1 1 1 1 2
 [932] 1 1 1 1 1 1 1 1 1 1 2 1 1 1 1 1 2 1 1 1 1 1 1 1 1 1 1 1 1 1 1 1 2 1 1 1 1 2 1 1 1 1 1 1 1 1 1 1 2
 [981] 1 1 1 1 1 1 1 1 1 1 1 1 1 2 1 1 1 1 1 1
 [ reached getOption("max.print") -- omitted 8999 entries ]

Within cluster sum of squares by cluster:
[1] 17933878492 26320187936
 (between_SS / total_SS =  56.9 %)

Available components:

[1] "cluster"      "centers"      "totss"        "withinss"     "tot.withinss" "betweenss"   
[7] "size"         "iter"         "ifault"      
K-means clustering with 3 clusters of sizes 7676, 2075, 248

Cluster means:
         dt  distance aver_speed
1  583.9037  1752.828   3.449014
2 1437.7586  5956.360   6.065029
3 1683.7177 16794.438  14.816166

Clustering vector:
   [1] 1 1 2 1 2 1 1 2 2 1 1 1 3 1 1 1 1 1 1 1 1 3 1 1 1 1 1 1 1 2 1 1 3 2 1 2 1 2 2 1 2 1 1 1 1 1 1 1 2
  [50] 1 1 3 1 1 1 1 1 1 1 2 1 1 1 1 1 1 3 1 1 1 1 1 2 1 2 1 1 1 1 3 1 1 2 1 1 2 1 1 1 1 1 1 1 1 1 2 1 1
  [99] 1 2 1 1 1 1 1 1 1 1 1 2 1 1 1 1 1 2 1 1 3 1 1 1 1 1 1 1 2 1 1 2 2 1 1 1 1 1 1 1 1 1 1 1 2 1 1 3 1
 [148] 1 2 1 1 2 1 1 1 1 1 1 1 1 2 1 2 1 1 1 1 3 1 1 2 3 1 1 1 2 1 2 2 1 1 1 2 1 1 2 3 1 2 1 1 2 1 1 1 1
 [197] 1 1 2 1 1 2 2 1 1 1 2 1 2 1 2 1 2 2 1 1 1 3 1 1 2 1 2 2 1 2 1 2 1 1 1 1 1 1 1 1 1 1 2 2 2 1 2 1 1
 [246] 2 1 1 3 1 1 1 2 1 2 1 1 1 2 1 1 2 1 1 1 1 3 1 2 1 1 1 1 2 2 1 1 1 1 1 1 1 1 1 1 1 1 1 1 1 1 1 2 1
 [295] 1 1 2 1 1 1 1 2 1 2 1 2 1 1 1 1 2 1 1 1 1 1 1 1 1 2 1 1 1 1 1 2 1 1 1 1 1 1 1 2 2 2 2 1 1 1 1 1 1
 [344] 2 1 1 1 1 1 1 1 1 1 1 1 1 1 1 2 2 2 1 1 1 2 1 2 1 1 1 1 1 1 1 1 1 1 1 1 1 1 1 1 2 1 1 1 1 2 1 1 1
 [393] 1 1 1 1 1 1 1 1 1 1 1 2 2 1 1 1 1 1 1 1 3 1 1 1 3 1 1 1 2 1 1 1 1 3 1 3 1 2 1 1 1 3 1 1 1 1 2 1 1
 [442] 1 1 1 1 1 1 1 2 2 1 1 1 1 1 1 2 2 1 1 1 1 2 1 1 1 1 1 1 1 1 1 1 1 1 1 1 1 1 2 2 2 1 1 1 2 1 1 1 1
 [491] 1 1 2 1 2 1 1 2 1 1 1 1 1 2 1 1 1 1 1 1 1 1 1 3 1 1 1 1 1 1 1 1 1 1 2 2 2 2 1 2 1 1 1 1 1 1 1 1 1
 [540] 1 2 2 1 1 1 2 1 1 1 1 2 1 1 3 2 1 2 1 1 1 1 2 1 1 1 1 1 1 1 2 1 2 1 1 2 1 2 1 2 1 1 1 1 1 1 1 1 2
 [589] 1 1 1 2 1 2 2 1 1 1 1 1 1 1 1 2 1 1 1 1 1 2 1 1 2 1 1 1 1 2 1 1 1 1 1 1 1 1 1 1 1 2 1 1 1 1 1 1 1
 [638] 1 1 2 1 1 1 1 2 1 1 1 1 1 1 1 1 1 3 2 1 1 2 1 1 1 1 1 2 2 1 1 1 1 1 1 1 2 2 1 1 1 1 1 1 1 1 2 1 2
 [687] 2 1 1 1 1 1 2 1 2 1 1 1 2 2 1 1 1 1 1 1 2 3 1 1 2 1 1 1 1 1 1 1 1 1 1 1 1 1 2 1 1 1 1 1 2 1 1 2 1
 [736] 1 1 2 2 2 1 1 1 2 1 1 1 1 1 1 1 1 1 2 1 1 1 1 1 1 1 1 1 3 1 1 1 1 1 1 2 2 2 1 1 1 1 1 1 1 2 1 1 1
 [785] 1 2 1 1 1 1 1 1 1 2 1 1 1 2 1 2 1 1 1 3 2 2 1 2 1 1 1 2 1 1 1 1 1 1 1 1 1 1 1 1 1 1 1 1 1 1 2 1 1
 [834] 1 3 1 1 1 1 1 1 1 1 1 1 1 1 1 1 2 1 1 1 1 1 1 1 1 1 1 2 1 1 1 1 2 2 2 2 1 1 1 1 2 1 1 2 1 1 1 2 1
 [883] 1 1 2 2 2 2 1 1 1 1 1 1 1 1 1 1 1 1 2 2 1 1 1 2 1 1 1 1 2 1 1 1 2 1 1 1 1 2 1 1 1 2 1 1 1 1 2 1 2
 [932] 1 1 2 1 1 1 1 1 1 1 2 1 2 1 2 1 2 1 2 1 1 1 1 1 1 1 1 1 2 2 1 1 2 1 1 1 1 3 1 2 2 1 1 2 1 1 1 1 2
 [981] 1 1 1 2 2 1 1 1 1 1 1 1 1 3 1 1 1 1 1 2
 [ reached getOption("max.print") -- omitted 8999 entries ]

Within cluster sum of squares by cluster:
[1] 7072225152 8394059019 8442206112
 (between_SS / total_SS =  76.7 %)

Available components:

[1] "cluster"      "centers"      "totss"        "withinss"     "tot.withinss" "betweenss"   
[7] "size"         "iter"         "ifault"      
K-means clustering with 4 clusters of sizes 6529, 2623, 118, 729

Cluster means:
         dt  distance aver_speed
1  515.9856  1479.568   3.262288
2 1178.7713  4240.072   4.982557
3 1629.3475 21038.435  16.961201
4 1687.1139  9211.015   8.729530

Clustering vector:
   [1] 1 1 2 1 2 1 1 4 2 1 2 2 3 1 2 1 1 1 1 1 1 3 1 1 1 1 1 1 1 4 1 1 3 4 1 2 1 2 2 1 4 2 1 1 1 1 2 1 2
  [50] 1 1 3 1 1 1 1 1 1 1 4 1 1 1 1 1 1 4 1 1 1 2 1 2 1 2 1 1 1 1 4 2 1 2 1 1 4 1 1 1 1 1 1 1 1 2 4 1 1
  [99] 2 2 2 1 2 1 1 1 1 1 2 2 1 1 1 1 1 4 2 1 4 1 1 1 1 1 1 1 2 1 1 2 2 1 1 2 1 1 1 1 1 1 1 1 2 1 2 4 1
 [148] 1 4 1 1 2 1 1 1 1 1 1 1 1 2 1 4 1 1 2 1 3 1 1 2 4 1 1 1 2 1 4 4 1 1 1 2 1 1 2 4 1 2 1 1 2 1 1 1 1
 [197] 1 1 2 1 2 2 2 1 1 1 2 1 4 1 2 2 2 2 1 2 1 3 1 1 4 2 2 4 1 4 1 4 2 1 1 2 1 1 1 1 1 1 2 2 2 1 2 1 2
 [246] 2 1 1 3 1 2 1 4 1 2 1 2 1 4 2 1 2 2 1 1 1 3 2 2 1 1 1 1 4 4 2 1 1 1 1 1 1 1 1 1 1 1 1 1 2 2 1 2 1
 [295] 1 1 2 2 1 2 1 2 2 2 2 2 1 1 1 1 2 1 2 1 1 1 1 1 1 4 1 1 1 1 2 4 1 2 1 1 1 2 1 2 2 2 2 1 1 1 1 1 1
 [344] 4 2 1 1 1 2 1 1 1 1 1 1 1 1 1 2 4 2 1 1 1 4 1 4 2 2 1 1 1 2 1 1 1 1 1 1 2 1 1 2 4 1 1 1 1 2 1 1 1
 [393] 1 1 1 1 1 1 1 1 1 1 1 2 4 2 1 1 1 1 1 1 4 1 1 2 4 1 1 2 2 1 1 1 1 4 1 4 1 2 1 1 1 3 1 2 1 1 2 1 1
 [442] 1 1 1 1 1 2 1 2 2 1 1 1 2 2 2 2 2 1 1 2 1 2 1 1 1 1 1 1 2 1 2 1 1 1 2 1 1 1 2 2 2 1 1 1 2 1 1 1 2
 [491] 1 1 4 1 2 1 2 4 1 1 1 1 2 4 1 1 1 1 1 1 1 2 2 3 1 1 1 1 1 1 1 2 1 1 2 2 2 2 1 2 2 1 1 1 1 1 1 1 1
 [540] 1 2 2 1 1 1 2 1 1 1 1 2 1 1 4 2 1 4 1 1 1 2 2 1 1 1 1 1 1 1 2 1 2 1 1 2 1 2 1 2 1 1 1 1 1 1 1 1 2
 [589] 2 1 1 2 2 4 2 1 1 1 1 1 1 2 1 4 1 1 1 1 1 4 2 1 2 1 1 1 1 2 1 1 1 1 1 1 1 1 1 1 1 2 1 1 1 2 1 2 2
 [638] 1 1 2 2 2 1 2 2 2 1 1 1 1 1 1 1 1 3 4 1 1 2 1 1 1 1 1 2 4 1 1 2 1 1 1 1 2 2 1 1 1 1 1 1 1 1 2 1 2
 [687] 2 1 2 2 2 1 2 1 2 2 1 1 2 2 1 1 1 1 1 1 4 3 2 1 2 1 1 1 1 1 1 1 1 1 1 1 2 2 2 1 1 1 1 1 2 1 2 4 1
 [736] 1 1 2 2 2 1 1 1 2 1 1 1 1 1 1 1 1 1 2 1 1 2 1 1 1 1 1 1 4 1 1 1 1 1 1 2 2 2 1 1 1 1 1 1 1 2 1 1 1
 [785] 2 2 2 1 1 1 1 2 1 2 1 2 2 4 1 4 2 1 1 3 2 4 1 2 1 1 1 2 2 2 1 1 1 1 1 1 1 1 2 1 1 1 1 2 1 1 2 1 1
 [834] 1 3 1 2 1 1 1 1 1 1 1 1 1 1 1 1 4 1 1 1 1 1 1 1 1 1 2 2 1 1 1 2 2 4 2 2 1 2 1 1 2 1 1 2 1 1 2 4 1
 [883] 1 2 2 2 4 2 2 1 2 1 1 1 1 1 1 1 1 1 2 2 1 1 1 4 2 1 1 2 2 1 1 1 4 1 1 1 2 2 1 1 1 4 1 1 1 1 2 1 2
 [932] 1 1 2 2 1 1 1 1 1 1 4 1 2 1 2 1 4 1 2 2 1 1 1 1 1 1 1 1 2 2 2 1 4 1 1 1 1 4 1 2 2 1 1 2 1 1 1 1 4
 [981] 1 1 1 2 2 1 1 2 1 1 1 1 1 3 1 1 1 1 1 2
 [ reached getOption("max.print") -- omitted 8999 entries ]

Within cluster sum of squares by cluster:
[1] 3274407778 3956827557 3972293501 4164831929
 (between_SS / total_SS =  85.0 %)

Available components:

[1] "cluster"      "centers"      "totss"        "withinss"     "tot.withinss" "betweenss"   
[7] "size"         "iter"         "ifault"      
K-means clustering with 5 clusters of sizes 2745, 5759, 73, 1094, 328

Cluster means:
         dt  distance aver_speed
1 1015.8663  3421.336   4.507154
2  474.4747  1328.644   3.151777
3 1604.6301 24011.912  18.509401
4 1526.8071  6593.792   6.536380
5 1751.3354 12102.034  11.307221

Clustering vector:
   [1] 2 2 1 2 4 2 2 4 1 2 1 1 5 2 1 2 2 1 2 1 2 3 2 2 2 2 2 2 2 4 2 2 5 4 2 4 2 4 4 2 4 1 2 2 2 2 1 2 1
  [50] 2 2 5 2 2 2 1 2 2 2 4 2 2 2 2 2 2 5 1 2 2 1 2 1 2 1 2 2 2 1 5 1 2 1 2 2 4 2 2 2 2 2 2 2 2 1 5 2 2
  [99] 1 1 1 2 1 1 2 2 1 2 1 1 2 2 2 2 2 4 1 2 5 1 2 2 2 2 2 2 1 2 2 1 4 2 2 1 2 2 2 1 2 2 2 2 4 2 1 5 2
 [148] 2 4 2 2 1 2 2 2 2 2 2 2 2 4 2 4 2 2 1 2 5 2 2 1 5 2 2 1 4 2 5 4 2 1 2 1 2 2 4 5 2 4 2 1 4 2 2 2 2
 [197] 2 2 4 2 1 4 1 2 2 2 4 1 4 2 1 1 1 1 2 1 1 5 2 2 5 1 4 4 2 5 2 4 1 2 2 1 1 2 2 2 2 2 4 4 4 2 4 2 1
 [246] 1 2 2 3 2 1 2 5 2 1 2 1 2 4 1 2 1 1 2 2 1 5 1 1 1 2 2 2 5 5 1 1 2 2 2 2 1 2 2 1 2 2 2 1 1 1 2 1 1
 [295] 2 2 4 1 1 1 1 4 1 4 1 1 2 1 2 2 1 2 1 1 2 2 2 2 2 4 2 2 2 2 1 5 2 1 1 1 2 1 2 1 4 4 4 1 2 2 1 2 1
 [344] 5 1 2 1 2 1 2 1 2 2 2 2 2 1 2 1 4 1 2 2 2 5 2 4 1 1 2 2 1 1 2 2 1 2 2 2 1 2 2 1 5 2 2 2 2 4 2 2 2
 [393] 1 2 2 1 2 2 2 2 2 2 2 1 4 1 1 2 2 2 2 2 5 1 2 1 5 2 2 1 1 2 2 2 2 5 2 5 2 1 2 2 1 3 2 1 2 2 4 2 2
 [442] 2 2 2 2 2 1 2 1 4 2 2 2 1 1 1 1 1 2 2 1 1 4 2 2 2 2 2 2 1 2 1 2 2 2 1 2 1 1 4 1 4 2 2 2 1 2 2 2 1
 [491] 2 2 4 2 4 2 1 5 1 2 2 2 1 4 1 2 2 2 2 2 2 1 1 3 2 2 2 1 2 2 2 1 2 2 4 1 1 1 2 4 1 2 2 2 1 2 2 2 2
 [540] 2 1 1 2 2 2 1 2 1 2 1 1 2 2 5 1 2 4 2 2 2 1 1 2 2 2 2 2 2 1 4 2 1 2 2 1 2 1 2 1 2 2 2 2 2 2 2 2 4
 [589] 1 2 2 4 1 4 1 2 2 2 2 2 2 1 2 5 2 2 2 1 2 4 1 2 1 2 2 2 2 1 2 2 2 2 2 1 2 2 2 2 2 1 2 2 2 1 2 1 1
 [638] 2 2 1 1 1 2 1 1 1 2 2 2 2 2 2 2 2 5 4 2 2 4 2 2 2 2 2 4 4 2 1 1 2 2 2 2 1 1 2 2 2 2 2 2 2 2 1 2 4
 [687] 4 2 1 1 1 2 4 2 4 1 2 2 4 1 2 1 2 2 2 2 4 3 1 2 1 1 2 2 2 2 2 2 2 2 2 2 1 1 1 2 2 2 2 2 1 2 1 4 2
 [736] 2 2 1 4 1 2 2 2 4 2 2 2 2 1 2 2 2 2 4 2 2 1 2 2 1 2 2 2 5 2 2 2 2 2 2 1 1 4 2 2 2 2 2 2 1 4 2 2 2
 [785] 1 1 1 2 2 2 2 1 2 1 2 1 1 5 2 5 1 2 2 3 1 4 2 1 2 2 2 4 1 1 2 2 2 2 2 2 2 2 1 1 2 2 2 1 1 2 1 2 2
 [834] 2 5 2 1 1 2 2 2 2 2 2 2 2 2 2 2 4 1 2 2 1 2 2 2 2 2 1 1 2 2 2 1 1 5 1 4 2 1 2 2 4 2 2 1 2 2 1 4 2
 [883] 2 1 4 1 5 4 1 2 1 2 2 2 1 2 2 2 2 1 4 4 2 2 2 4 1 1 2 1 4 2 2 2 4 2 2 2 1 4 1 2 2 4 2 1 2 2 1 2 4
 [932] 2 2 4 1 2 2 2 2 2 2 4 2 1 2 4 2 4 2 1 1 2 2 2 2 2 2 2 2 4 1 1 2 5 2 2 2 2 5 1 1 1 2 2 4 2 2 2 2 4
 [981] 1 2 2 1 4 2 2 1 2 2 2 2 2 3 2 2 1 2 2 1
 [ reached getOption("max.print") -- omitted 8999 entries ]

Within cluster sum of squares by cluster:
[1] 2174319588 1960953737 2169075806 2305419397 2193463820
 (between_SS / total_SS =  89.5 %)

Available components:

[1] "cluster"      "centers"      "totss"        "withinss"     "tot.withinss" "betweenss"   
[7] "size"         "iter"         "ifault"      
K-means clustering with 6 clusters of sizes 2770, 715, 4712, 62, 216, 1524

Cluster means:
         dt  distance aver_speed
1  824.5939  2631.926   4.088633
2 1666.6392  7894.464   7.346356
3  421.3247  1154.488   3.027058
4 1591.9032 25009.731  19.159295
5 1715.3611 13636.764  12.762528
6 1281.2900  4664.113   5.215052

Clustering vector:
   [1] 3 3 6 3 6 1 3 2 6 3 6 1 5 3 1 1 3 1 3 1 3 4 3 3 3 3 3 1 1 2 3 3 5 2 3 6 3 6 6 3 2 1 3 1 3 3 1 3 6
  [50] 3 3 5 3 3 3 1 3 3 3 2 3 1 1 3 3 1 5 1 3 3 1 3 6 3 6 3 3 3 1 5 1 1 6 3 3 2 3 3 3 3 3 1 3 3 1 2 3 3
  [99] 1 6 1 3 1 1 3 3 1 3 1 6 3 3 3 3 3 2 1 3 5 1 3 1 3 3 3 3 6 3 3 6 6 1 3 1 3 1 3 1 3 3 3 3 2 3 6 5 1
 [148] 3 2 3 1 6 3 3 3 3 1 3 3 3 6 3 2 1 1 1 3 5 3 3 6 5 1 3 1 6 3 5 2 3 1 3 6 3 1 6 5 3 2 3 1 6 3 3 3 3
 [197] 3 3 6 3 1 6 6 3 3 3 6 1 2 3 6 1 6 6 3 1 1 5 3 3 5 1 6 2 3 2 3 2 1 3 3 1 1 3 3 3 3 3 2 2 6 3 6 3 1
 [246] 6 3 1 4 3 1 3 2 3 6 1 6 1 2 1 3 6 1 1 3 1 5 1 6 1 3 3 1 2 5 6 1 3 3 3 3 1 3 3 1 3 3 3 1 1 1 3 6 1
 [295] 3 3 6 1 1 1 1 6 1 6 1 6 3 1 1 3 6 1 1 1 1 3 3 3 3 2 1 3 3 3 1 5 1 1 1 1 3 1 1 6 6 6 6 1 3 3 1 3 1
 [344] 2 1 3 1 1 1 1 1 3 3 3 3 1 1 3 6 2 6 1 3 3 2 1 2 1 1 3 3 1 1 3 3 1 3 3 1 1 1 3 1 2 3 3 3 1 6 3 3 3
 [393] 1 3 3 1 3 3 3 3 3 3 1 6 2 1 1 3 3 3 3 3 5 1 1 1 5 3 3 1 6 3 3 3 3 5 3 5 1 6 3 3 1 4 3 1 3 3 6 3 3
 [442] 3 3 3 1 3 1 3 6 2 3 1 3 1 6 1 6 6 3 3 1 1 6 3 3 3 3 3 1 1 3 1 1 3 1 6 1 1 1 2 6 6 3 1 3 6 3 3 3 1
 [491] 3 3 2 3 6 1 1 2 1 3 1 3 1 2 1 3 1 1 3 3 3 1 1 4 1 3 1 1 3 3 1 1 3 3 6 6 6 6 1 2 1 3 3 3 1 3 3 3 3
 [540] 3 6 6 3 1 1 6 1 1 3 1 6 3 3 5 6 3 2 3 3 3 1 6 3 3 3 3 3 3 1 6 3 6 3 3 6 3 6 1 6 3 3 3 3 3 3 3 3 6
 [589] 1 3 3 6 6 2 6 3 3 3 3 3 3 1 3 5 3 3 3 1 1 2 1 3 6 3 3 3 3 6 3 3 3 3 3 1 3 3 1 3 3 6 3 3 3 1 3 1 1
 [638] 3 1 6 1 1 3 1 6 1 3 1 3 3 3 3 3 3 5 2 1 1 6 3 1 1 3 3 6 2 3 1 1 1 3 3 1 6 6 3 3 3 3 3 1 1 3 6 1 6
 [687] 6 3 6 1 1 3 6 3 2 1 3 3 2 6 3 1 1 1 3 3 2 4 1 3 6 1 3 3 3 3 3 3 3 1 1 1 6 1 6 3 3 3 3 1 6 1 1 2 3
 [736] 1 1 6 6 6 1 1 1 2 3 1 3 3 1 3 3 1 1 6 3 3 1 3 3 1 3 1 3 5 1 3 3 1 3 1 6 6 6 3 3 3 1 1 1 1 6 1 3 3
 [785] 1 6 6 3 3 3 1 1 3 6 3 1 1 5 1 5 1 3 3 5 6 2 3 6 3 3 3 6 1 1 3 3 3 3 3 3 3 3 1 1 1 3 3 1 1 1 6 1 3
 [834] 1 5 3 1 1 3 3 3 3 3 1 3 1 3 3 3 2 1 3 3 1 1 3 3 3 3 6 6 3 1 3 6 6 2 6 6 3 1 3 3 6 3 3 6 1 3 1 2 3
 [883] 1 1 6 6 5 6 1 3 1 3 3 1 1 3 3 1 1 1 6 2 3 3 1 2 1 1 3 1 2 3 3 3 2 3 3 3 1 6 1 3 3 2 3 1 3 1 6 3 2
 [932] 3 3 6 1 3 3 3 3 1 3 2 1 6 3 6 3 2 3 6 1 3 1 3 3 3 3 3 3 6 6 1 3 2 3 3 3 3 5 1 6 6 1 3 6 3 3 3 3 2
 [981] 1 3 3 6 6 1 3 1 3 3 3 3 1 5 3 3 1 3 3 6
 [ reached getOption("max.print") -- omitted 8999 entries ]

Within cluster sum of squares by cluster:
[1] 1113671720 1786909783  982346943 1742656704 1384030959 1528305228
 (between_SS / total_SS =  91.7 %)

Available components:

[1] "cluster"      "centers"      "totss"        "withinss"     "tot.withinss" "betweenss"   
[7] "size"         "iter"         "ifault"      
K-means clustering with 7 clusters of sizes 3981, 866, 411, 1690, 2851, 155, 45

Cluster means:
         dt  distance aver_speed
1  393.4386  1040.727   2.891542
2 1507.1674  6173.660   6.210255
3 1743.3309  9498.082   8.613855
4 1133.4757  3890.237   4.708049
5  722.5984  2250.565   3.914890
6 1557.3097 15399.941  15.094245
7 1730.5778 26846.368  18.818040

Clustering vector:
   [1] 1 1 4 1 2 5 1 3 4 1 4 5 6 1 5 5 1 5 1 5 1 6 1 1 1 5 1 5 5 3 1 1 6 2 1 2 5 2 2 1 2 4 1 5 1 1 5 1 4
  [50] 5 5 6 1 1 1 5 1 1 1 2 1 5 5 1 1 5 6 5 1 1 4 1 4 5 4 1 1 1 5 6 5 5 4 1 5 3 1 1 1 1 1 5 1 1 4 3 1 5
  [99] 5 4 4 1 4 5 5 1 5 5 5 4 1 1 1 1 5 2 4 1 3 5 5 5 1 1 1 1 4 1 1 4 2 5 1 4 1 5 5 5 1 1 1 5 2 5 4 3 5
 [148] 5 3 5 5 4 5 1 1 1 5 1 1 1 2 1 3 5 5 4 1 6 1 1 4 3 5 1 5 2 5 3 2 1 5 5 4 1 5 2 3 5 2 1 5 2 1 1 1 1
 [197] 1 1 2 1 4 2 4 1 1 1 2 5 2 5 4 4 4 4 1 4 5 6 1 1 3 4 2 3 5 3 1 3 4 1 1 4 5 1 1 5 1 1 2 2 2 1 2 5 5
 [246] 4 1 5 7 1 4 1 3 1 4 5 4 5 2 4 1 4 4 5 1 5 6 4 4 5 5 5 5 3 3 4 5 1 1 1 1 5 5 1 5 1 1 1 5 4 5 1 4 5
 [295] 5 1 2 4 5 4 5 2 4 2 5 4 1 5 5 5 4 5 5 5 5 1 1 1 1 2 5 1 1 5 4 3 5 4 5 5 5 4 5 4 2 2 2 5 1 1 5 5 5
 [344] 3 5 5 5 5 4 5 5 1 1 5 1 5 5 1 4 3 4 5 1 1 3 5 3 4 4 5 5 5 5 1 1 5 1 1 5 4 5 1 5 3 1 1 1 5 2 1 1 5
 [393] 5 1 1 5 1 1 1 1 5 5 5 4 3 4 5 1 1 1 5 1 6 5 5 4 6 1 5 4 4 1 1 1 1 6 1 3 5 4 1 1 5 7 1 4 1 1 2 1 1
 [442] 1 1 1 5 1 5 1 4 2 1 5 1 5 4 5 4 4 1 1 4 5 2 1 1 5 1 1 5 5 5 5 5 1 5 4 5 5 5 2 4 2 5 5 1 4 1 5 1 4
 [491] 1 1 2 1 2 5 4 3 5 1 5 5 5 3 5 1 5 5 1 1 1 5 5 6 5 1 5 5 1 1 5 4 5 1 2 4 4 4 5 2 5 1 1 1 5 1 1 1 1
 [540] 1 4 4 1 5 5 4 5 5 1 5 4 1 1 6 4 1 3 1 1 1 5 4 1 1 1 1 1 1 5 2 1 4 1 1 4 1 4 5 4 5 5 1 5 1 1 1 1 2
 [589] 4 1 1 4 4 2 4 1 1 1 1 1 1 4 5 3 1 1 1 5 5 3 4 1 4 1 5 1 1 4 5 1 1 1 5 5 1 1 5 1 1 4 1 5 1 4 1 5 5
 [638] 1 5 4 5 4 1 4 4 5 1 5 1 1 1 1 1 1 6 2 5 5 2 1 5 5 1 1 2 3 1 5 4 5 1 1 5 4 4 1 1 1 1 5 5 5 1 4 5 2
 [687] 2 1 4 5 4 1 2 1 2 5 1 1 2 4 5 5 5 5 1 1 2 7 4 1 4 5 1 1 1 5 1 1 5 5 5 5 4 5 4 1 1 1 1 5 4 5 4 3 1
 [736] 5 5 4 2 4 5 5 5 2 1 5 1 1 5 1 1 5 5 2 5 5 4 1 5 5 1 5 1 6 5 1 1 5 1 5 4 4 2 1 1 1 5 5 5 5 2 5 1 1
 [785] 5 4 4 1 1 1 5 5 1 4 1 5 4 3 5 3 4 1 1 6 4 3 1 4 1 1 1 2 4 4 1 1 1 1 1 1 1 1 4 5 5 1 5 5 5 5 4 5 1
 [834] 5 6 1 4 5 1 1 1 5 1 5 1 5 1 1 1 2 5 1 1 5 5 5 1 1 1 4 4 5 5 1 4 4 3 4 2 1 4 1 1 2 1 5 4 5 1 4 2 1
 [883] 5 4 2 4 3 2 5 1 4 1 1 5 5 1 5 5 5 5 2 2 1 1 5 3 5 5 1 4 2 1 5 1 2 1 1 1 5 2 5 1 1 2 1 5 1 5 4 1 2
 [932] 1 5 2 4 1 1 1 5 5 1 2 5 4 1 2 1 3 1 4 4 1 5 1 1 5 1 1 1 2 4 4 1 3 1 1 5 1 6 5 4 4 5 1 2 1 1 1 1 2
 [981] 5 1 1 4 2 5 1 5 1 1 1 1 5 6 5 1 5 1 1 4
 [ reached getOption("max.print") -- omitted 8999 entries ]

Within cluster sum of squares by cluster:
[1]  583510805 1125624006 1195459318 1063063060  799828916 1116151374 1176015041
 (between_SS / total_SS =  93.1 %)

Available components:

[1] "cluster"      "centers"      "totss"        "withinss"     "tot.withinss" "betweenss"   
[7] "size"         "iter"         "ifault"      
K-means clustering with 8 clusters of sizes 1812, 3394, 103, 264, 594, 974, 36, 2822

Cluster means:
         dt   distance aver_speed
1  987.2141  3347.9572   4.518572
2  369.5636   952.3695   2.784706
3 1687.7670 17247.0279  15.062214
4 1724.8106 11181.7744  10.761308
5 1651.3838  7448.2574   6.894738
6 1356.5411  5080.2323   5.525100
7 1653.8611 28131.2523  20.055807
8  655.1747  1972.6314   3.722079

Clustering vector:
   [1] 2 2 6 2 6 8 2 5 6 2 1 1 3 2 1 8 2 8 2 1 2 3 2 2 2 8 2 8 8 5 2 8 3 5 2 6 8 6 6 2 5 1 2 8 2 2 1 2 1
  [50] 8 8 3 2 2 2 8 2 2 2 5 2 8 8 2 2 8 4 8 2 2 1 2 1 8 6 8 2 8 1 4 1 8 1 2 8 5 2 8 2 2 2 8 2 8 1 4 2 8
  [99] 1 1 1 8 1 1 8 2 8 8 1 1 2 2 8 8 8 5 1 2 4 8 8 8 2 8 2 2 1 2 2 1 6 8 2 1 8 8 8 8 2 2 2 8 5 8 1 4 8
 [148] 8 5 8 8 6 8 2 2 2 8 8 2 2 6 2 5 8 8 1 2 3 2 2 1 4 8 2 8 6 8 4 5 2 8 8 6 2 8 6 4 8 5 8 1 6 2 2 2 2
 [197] 2 2 6 2 1 6 6 2 2 2 6 1 5 8 1 1 6 1 2 1 8 3 2 2 4 1 6 5 8 4 2 5 1 8 2 1 8 2 2 8 2 2 5 5 6 2 6 8 1
 [246] 1 2 8 7 2 1 2 4 2 1 8 1 8 5 1 2 6 1 8 2 1 3 1 6 1 8 8 8 4 4 1 8 8 2 8 2 8 8 2 1 2 2 2 8 1 1 2 6 8
 [295] 8 2 6 1 8 1 8 6 1 6 1 1 2 1 8 8 6 8 1 8 8 2 2 2 2 5 8 2 8 8 1 4 8 1 1 1 8 1 8 1 6 6 6 8 2 2 8 8 8
 [344] 4 1 8 8 8 1 8 8 2 2 8 8 8 8 2 6 5 6 8 8 2 4 8 5 1 1 8 8 1 1 2 2 8 2 2 8 1 8 2 1 4 8 8 2 8 6 8 2 8
 [393] 1 2 8 8 2 2 8 2 8 8 8 1 5 1 8 2 2 2 8 2 4 8 8 1 3 2 8 1 1 2 2 2 2 4 2 4 8 6 2 2 8 3 2 1 2 2 6 2 8
 [442] 2 2 2 8 2 1 8 1 5 2 8 8 1 1 1 6 6 2 2 1 8 6 2 2 8 2 2 8 1 8 1 8 2 8 1 8 8 8 5 6 6 8 8 2 1 2 8 2 1
 [491] 2 2 5 2 6 8 1 4 1 2 8 8 1 5 8 8 8 8 2 2 2 1 1 3 8 2 8 8 2 8 8 1 8 2 6 6 6 6 8 5 1 2 2 2 1 2 2 2 2
 [540] 2 1 1 2 8 8 6 8 8 2 1 6 2 2 4 1 2 5 2 2 2 1 6 2 2 8 2 8 2 1 6 2 1 2 2 6 2 1 8 6 8 8 2 8 2 2 2 2 6
 [589] 1 2 2 6 1 5 6 2 2 2 2 2 2 1 8 4 2 2 2 8 8 5 1 8 6 2 8 2 2 6 8 2 2 8 8 1 2 8 8 2 2 6 8 8 2 1 2 1 1
 [638] 2 8 1 1 1 2 1 6 1 2 8 2 2 8 2 2 2 3 5 8 8 6 8 8 8 2 2 6 5 2 1 1 8 2 2 8 6 6 2 2 8 2 8 8 8 2 6 8 6
 [687] 6 2 1 1 1 2 6 2 5 1 2 2 5 1 8 8 8 8 2 8 5 7 1 2 6 1 2 8 2 8 2 2 8 8 8 8 1 1 1 2 2 2 2 8 6 8 1 5 2
 [736] 8 8 1 6 1 8 8 8 5 2 8 2 2 8 8 2 8 8 6 8 8 1 2 8 8 2 8 2 4 8 2 2 8 2 8 6 6 6 2 2 2 8 8 8 8 6 8 2 2
 [785] 1 6 1 2 8 2 8 1 2 1 2 1 1 4 8 4 1 2 2 3 6 5 2 6 2 2 2 6 1 1 2 8 2 2 2 2 8 2 1 8 8 2 8 1 1 8 6 8 2
 [834] 8 3 2 1 8 2 2 2 8 2 8 2 8 2 2 2 5 8 2 2 8 8 8 2 2 2 1 6 8 8 2 1 6 4 6 6 2 1 2 8 6 2 8 6 8 2 1 5 2
 [883] 8 1 6 6 4 6 1 2 1 2 2 8 8 2 8 8 8 8 6 5 8 2 8 5 1 8 2 1 5 2 8 2 5 2 2 2 1 6 1 8 2 5 2 8 2 8 1 2 5
 [932] 2 8 6 1 2 2 2 8 8 2 5 8 6 2 6 2 5 8 1 1 8 8 2 2 8 2 2 2 6 6 1 2 4 2 2 8 2 4 8 6 6 8 2 6 2 2 2 2 5
 [981] 1 2 2 6 6 8 2 1 2 2 2 2 8 3 8 2 8 2 8 6
 [ reached getOption("max.print") -- omitted 8999 entries ]

Within cluster sum of squares by cluster:
[1] 785002753 362343766 744308657 922598813 960056757 836603585 862146458 568016814
 (between_SS / total_SS =  94.1 %)

Available components:

[1] "cluster"      "centers"      "totss"        "withinss"     "tot.withinss" "betweenss"   
[7] "size"         "iter"         "ifault"      
K-means clustering with 9 clusters of sizes 174, 1136, 3174, 1672, 34, 368, 81, 682, 2678

Cluster means:
         dt   distance aver_speed
1 1791.7931 12510.6843  11.689903
2 1257.7755  4367.4860   4.898548
3  361.0208   919.5466   2.745144
4  895.6854  2998.0319   4.378063
5 1691.3529 28435.3627  19.695094
6 1681.9837  8799.8086   8.189401
7 1588.3086 18148.0042  16.125151
8 1515.7243  6274.0837   6.343331
9  619.8775  1850.4317   3.654351

Clustering vector:
   [1] 3 3 2 3 8 9 3 6 2 3 2 4 7 3 4 9 3 4 3 4 3 7 3 3 3 9 3 9 9 6 3 9 7 8 3 8 9 2 8 3 8 4 3 9 3 3 4 3 2
  [50] 9 9 7 9 3 3 9 3 3 3 8 3 9 9 3 9 9 1 4 3 3 4 3 2 9 2 9 3 9 4 1 4 9 2 3 9 6 3 9 9 3 3 9 3 9 4 6 3 9
  [99] 4 2 4 9 4 4 9 3 4 9 4 2 3 3 9 9 9 8 4 3 1 4 9 9 3 9 3 3 2 3 3 2 2 9 3 4 9 9 9 4 3 3 3 9 8 9 2 1 9
 [148] 9 6 9 9 2 9 3 3 3 9 9 9 3 2 3 6 9 9 4 3 1 3 3 2 1 9 3 9 8 9 1 8 3 9 9 2 3 9 8 1 9 8 9 4 8 3 3 3 3
 [197] 3 3 2 3 4 2 2 3 3 3 8 4 8 9 2 4 2 2 3 4 4 7 3 3 1 4 8 6 9 6 3 6 4 9 3 4 9 3 3 9 3 3 8 8 2 3 2 9 4
 [246] 2 3 9 5 3 4 3 6 9 2 9 4 9 8 4 3 2 4 9 3 4 7 4 2 4 9 9 9 6 1 2 4 9 3 9 3 4 9 3 4 3 3 3 4 4 4 3 2 4
 [295] 9 3 2 4 4 4 4 2 4 8 4 2 3 4 9 9 2 9 4 9 9 3 3 3 3 8 9 3 9 9 4 1 9 4 4 4 9 4 9 2 8 8 8 4 3 3 9 9 9
 [344] 6 4 9 4 9 4 9 4 3 3 9 9 9 4 3 2 6 2 9 9 3 6 9 6 4 4 9 9 4 4 3 3 4 3 3 9 4 9 3 4 6 9 9 3 9 8 9 9 9
 [393] 4 9 9 4 3 3 9 3 9 9 9 2 6 4 4 3 3 3 9 3 1 4 9 4 1 3 9 4 2 3 3 3 3 1 3 1 9 2 3 9 4 7 3 4 3 3 8 3 9
 [442] 3 3 3 9 3 4 9 2 8 3 9 9 4 4 4 2 2 3 3 4 4 2 3 3 9 3 3 9 4 9 4 9 3 9 2 9 4 4 8 2 8 9 9 9 2 3 9 3 4
 [491] 3 3 8 3 8 9 4 6 4 3 9 9 4 6 4 9 9 9 3 3 3 4 4 7 9 3 9 4 3 9 9 4 9 3 8 2 2 2 9 8 4 9 3 3 4 3 3 3 3
 [540] 3 2 2 3 9 9 2 9 4 3 4 2 3 3 1 2 3 6 3 3 9 4 2 3 3 9 3 9 3 4 8 3 2 3 3 2 3 2 9 2 9 9 3 9 3 3 3 3 2
 [589] 4 3 3 2 4 8 2 3 3 9 3 3 3 4 9 1 3 3 3 4 9 6 4 9 2 3 9 3 3 2 9 3 3 9 9 4 3 9 9 9 3 2 9 9 3 4 3 4 4
 [638] 3 9 2 4 4 3 4 2 4 3 9 3 3 9 3 3 9 7 8 9 9 8 9 9 9 3 3 8 6 3 4 4 9 3 3 9 2 2 3 3 9 3 9 9 9 3 2 9 2
 [687] 8 9 2 4 4 9 8 9 8 4 3 3 8 2 9 9 9 9 3 9 6 5 4 3 2 4 3 9 3 9 9 3 9 9 9 9 2 4 2 3 3 9 3 9 2 9 4 6 3
 [736] 9 9 2 2 2 9 9 9 8 3 9 3 3 4 9 3 9 9 8 9 9 4 3 9 4 3 9 3 1 9 3 3 9 3 9 2 2 8 3 9 3 9 9 9 4 8 9 3 3
 [785] 4 2 2 3 9 3 9 4 3 2 3 4 4 1 9 1 4 3 3 7 2 6 3 2 3 3 3 8 4 4 3 9 3 3 3 3 9 3 4 4 9 3 9 4 4 9 2 9 3
 [834] 9 7 3 4 4 3 3 3 9 3 9 3 9 3 3 3 8 4 3 3 4 9 9 3 3 3 4 2 9 9 3 2 2 6 2 8 3 4 3 9 8 3 9 2 9 3 4 8 3
 [883] 9 4 8 2 1 8 4 3 4 9 3 9 4 3 9 9 9 4 8 8 9 3 9 6 4 4 3 4 8 3 9 3 8 3 3 3 4 8 4 9 3 6 3 4 3 9 2 3 8
 [932] 3 9 8 4 3 3 3 9 9 3 8 9 2 3 2 3 6 9 2 4 9 9 3 3 9 3 3 3 2 2 4 3 6 3 3 9 3 1 4 2 2 9 3 2 3 3 3 3 8
 [981] 4 3 3 2 8 9 3 4 3 3 3 3 9 7 9 3 4 3 9 2
 [ reached getOption("max.print") -- omitted 8999 entries ]

Within cluster sum of squares by cluster:
[1] 614572448 719811205 298686980 504488495 804359861 680099107 527627222 742926074 429587996
 (between_SS / total_SS =  94.8 %)

Available components:

[1] "cluster"      "centers"      "totss"        "withinss"     "tot.withinss" "betweenss"   
[7] "size"         "iter"         "ifault"      
K-means clustering with 10 clusters of sizes 26, 132, 1169, 720, 492, 255, 2957, 1693, 2504, 51

Cluster means:
          dt   distance aver_speed
1  1708.4615 29738.2725  20.370322
2  1568.3712 14256.3780  14.477543
3  1145.4962  3921.9611   4.676269
4  1369.4639  5422.5340   5.967906
5  1671.7764  7351.0831   6.692306
6  1805.7843 10130.6707   9.125098
7   353.4413   888.0119   2.696803
8   847.6356  2727.5448   4.146409
9   585.0447  1733.5890   3.611316
10 1535.2549 20599.9141  17.123389

Clustering vector:
   [1]  7  7  3  7  4  9  7  5  3  7  3  8  2  7  8  9  7  8  7  8  7 10  7  7  7  9  7  8  9  6  7  9
  [33]  2  5  9  4  9  4  4  7  5  3  7  9  7  9  8  7  3  9  9  2  9  7  7  8  7  7  7  5  7  8  9  7
  [65]  9  8  2  8  7  7  3  7  3  9  4  9  7  9  8  2  8  8  3  7  9  5  7  9  9  7  9  9  7  9  3  6
  [97]  7  9  8  3  3  9  3  8  9  7  8  9  8  3  7  7  9  9  9  5  8  9  2  8  9  8  7  9  7  7  3  7
 [129]  7  3  4  9  7  3  9  9  9  8  7  7  7  9  5  9  3  6  9  9  6  9  8  3  9  7  7  7  9  9  9  7
 [161]  4  7  5  9  9  3  7  2  7  7  3  6  9  7  8  4  9  6  5  7  8  9  3  7  9  4  6  9  5  9  8  4
 [193]  7  7  7  7  7  7  4  7  8  4  4  7  7  7  4  8  5  9  3  3  3  3  7  3  8  2  7  7  6  8  4  5
 [225]  9  6  7  5  3  9  7  8  8  7  7  9  7  7  5  5  4  7  4  9  8  3  7  8  1  7  8  7  6  9  3  9
 [257]  3  9  5  8  7  4  8  9  7  8  2  8  4  8  9  9  8  6  6  3  8  9  7  9  7  8  9  7  8  7  7  7
 [289]  8  3  8  7  3  8  9  7  4  3  8  3  8  4  8  4  8  3  7  8  9  9  3  9  8  8  9  7  7  7  7  5
 [321]  9  7  9  9  3  6  9  3  8  8  9  3  9  3  4  4  4  8  7  7  8  9  8  6  8  9  8  8  3  9  8  7
 [353]  7  9  9  8  8  7  3  5  3  8  9  7  6  9  5  3  8  9  9  8  8  7  7  8  7  7  9  3  8  9  8  6
 [385]  9  9  7  9  4  9  9  9  8  9  9  8  7  7  9  7  9  9  8  3  5  8  8  7  7  7  9  7  2  8  9  8
 [417]  2  7  9  8  3  7  7  7  7  2  7  6  9  3  7  9  8 10  7  8  7  7  4  7  9  7  7  7  9  7  8  9
 [449]  3  4  7  9  9  8  3  8  3  3  7  7  8  8  4  7  7  9  7  7  9  8  9  8  8  7  9  3  9  8  8  5
 [481]  4  4  9  9  9  3  7  9  7  8  7  7  5  7  4  9  3  6  8  9  9  9  8  5  8  9  9  8  7  7  7  8
 [513]  8 10  9  7  9  8  7  9  9  3  9  9  4  4  4  4  9  5  8  9  7  7  8  7  9  7  7  7  3  3  7  9
 [545]  9  4  9  8  7  8  3  7  7  2  3  9  5  7  7  9  8  3  7  7  9  7  9  7  8  4  7  3  7  7  3  7
 [577]  3  9  4  9  9  7  9  7  9  7  7  4  8  9  7  4  3  5  3  7  7  9  7  7  7  3  9  6  7  7  7  8
 [609]  9  5  3  9  3  7  9  7  7  4  9  7  9  9  9  8  7  9  9  9  7  4  9  9  7  8  7  8  8  7  9  3
 [641]  8  8  7  8  3  8  7  9  9  7  9  9  7  9  2  5  8  9  4  9  9  8  7  7  4  5  7  8  8  9  7  7
 [673]  9  4  4  7  7  9  7  9  8  9  7  3  9  4  4  9  3  8  3  9  4  9  4  8  7  7  4  3  9  8  8  8
 [705]  7  9  5  1  3  7  3  8  7  9  7  9  9  7  9  9  9  8  3  8  3  7  7  9  7  9  4  8  8  5  7  9
 [737]  8  3  4  3  9  9  9  5  7  9  7  7  8  9  7  8  9  4  9  9  3  7  9  8  7  9  7  2  9  7  7  9
 [769]  7  8  3  3  4  7  9  7  9  9  9  8  4  9  7  7  8  4  3  7  9  9  9  8  7  3  7  8  3  6  9  6
 [801]  3  7  7 10  3  5  7  4  7  9  7  4  3  3  7  9  9  7  9  7  9  7  8  8  9  7  9  8  8  9  3  8
 [833]  7  9 10  7  3  8  7  7  7  9  7  9  7  9  7  7  7  5  8  7  7  8  8  9  7  7  7  3  3  9  9  7
 [865]  3  3  6  3  4  7  3  7  9  4  7  9  4  9  7  8  5  7  9  8  4  3  6  4  8  7  8  9  7  9  8  7
 [897]  9  9  8  8  4  5  9  7  9  5  8  8  7  8  5  7  9  7  5  7  9  7  8  4  8  9  7  5  7  8  7  8
 [929]  3  7  5  7  9  4  3  7  7  7  9  9  7  5  8  3  7  4  7  6  9  3  8  9  9  7  7  9  7  7  7  4
 [961]  3  3  7  6  7  7  9  7  2  8  4  4  9  7  4  7  7  7  7  5  8  7  7  4  4  9  7  8  7  7  7  7
 [993]  8 10  9  9  8  7  9  3
 [ reached getOption("max.print") -- omitted 8999 entries ]

Within cluster sum of squares by cluster:
 [1] 612595591 505157075 529236786 591054510 655874402 634842761 246057118 419418408 325711271 267951008
 (between_SS / total_SS =  95.3 %)

Available components:

[1] "cluster"      "centers"      "totss"        "withinss"     "tot.withinss" "betweenss"   
[7] "size"         "iter"         "ifault"      

K-means clustering with 11 clusters of sizes 208, 1152, 108, 2707, 49, 562, 736, 2454, 1628, 26, 369

Cluster means:
          dt   distance aver_speed
1  1775.6971 10804.2256   9.755921
2   932.5686  3572.2010   5.126754
3  1635.3796 14748.0572  14.851751
4   345.4041   851.4991   2.634382
5  1537.1429 20725.1311  17.337781
6  1284.1548  6131.9604   7.282215
7  1545.3424  4625.3481   4.041881
8   550.0497  1638.6261   3.587895
9   825.5147  2514.7414   3.872020
10 1708.4615 29738.2725  20.370322
11 1775.3252  8034.1198   6.798130

Clustering vector:
   [1]  8  4  2  4  6  9  4 11  7  4  2  9  3  4  9  9  4  9  4  9  4  5  4  4  4  8  8  9  8 11  4  8
  [33]  3 11  8  6  8  7  6  4  6  2  4  9  4  8  9  4  2  8  8  3  8  4  4  9  4  4  4 11  4  9  8  4
  [65]  8  9  3  9  4  4  2  4  2  8  7  8  4  8  9  3  9  9  2  4  8 11  4  8  8  4  8  8  4  8  2  1
  [97]  4  8  9  2  2  8  2  9  8  8  9  8  9  2  4  4  8  8  8  6  2  8  1  9  8  9  4  8  4  4  2  4
 [129]  4  7  7  8  4  2  8  8  8  9  4  4  4  8  6  8  2  1  8  8 11  8  9  7  8  4  4  4  8  8  8  4
 [161]  6  4 11  8  8  2  4  3  4  4  2  1  8  4  9  6  8  1  6  4  9  8  7  4  9  6  1  8  6  8  9  6
 [193]  4  4  4  4  4  4  7  4  2  7  7  4  4  4  7  9 11  8  7  2  7  2  4  2  9  3  8  4  1  2  6 11
 [225]  8  1  4 11  2  8  4  2  9  4  4  8  4  4  6  6  7  4  7  8  9  2  4  9 10  4  2  4  1  8  2  8
 [257]  2  9 11  2  4  7  9  8  4  9  3  2  7  9  8  8  9  1  1  2  9  8  4  8  4  9  8  4  9  4  4  4
 [289]  9  2  9  4  7  9  8  4  6  2  9  2  9  6  9  6  9  7  4  9  8  8  7  9  9  9  9  4  4  4  4  6
 [321]  8  4  8  8  2  1  8  2  9  9  8  2  8  7  7  6  6  9  4  4  9  8  9  1  9  8  9  9  2  9  9  4
 [353]  4  8  8  9  9  4  7 11  7  9  8  4  1  8 11  2  2  8  8  9  9  4  8  9  4  4  8  2  9  8  9  1
 [385]  8  8  4  9  6  8  8  8  9  8  8  9  4  4  8  4  8  8  9  7 11  2  9  4  4  8  8  4  3  9  9  2
 [417]  3  4  8  2  2  4  4  4  4  1  4  1  8  7  4  8  9  5  8  2  4  4  6  4  8  4  4  4  8  4  9  8
 [449]  7  6  8  8  8  9  2  9  7  7  8  4  2  9  7  4  4  8  4  4  8  2  8  2  9  4  8  2  8  9  9  6
 [481]  7  6  8  8  8  2  4  8  4  2  8  4 11  4  6  8  2  1  9  8  9  8  9 11  9  8  8  9  4  4  8  2
 [513]  9  5  8  4  8  9  4  8  8  2  8  8  6  7  7  7  9  6  9  8  4  4  9  4  8  8  8  4  7  7  4  9
 [545]  8  7  9  9  4  9  7  4  4  3  2  8 11  4  4  8  9  7  4  4  8  4  8  4  9  6  4  2  4  4  7  4
 [577]  2  9  7  8  8  4  8  4  8  4  4  7  2  8  4  7  2 11  7  4  4  8  4  4  4  2  8  1  4  4  4  9
 [609]  9 11  2  8  7  8  8  8  4  7  8  4  8  8  8  9  4  8  8  8  8  7  8  8  4  2  4  2  9  4  8  7
 [641]  2  2  4  2  7  9  4  8  8  4  8  8  4  8  3  6  9  8  6  8  9  9  4  4  6 11  4  9  2  8  4  8
 [673]  8  7  7  4  4  8  4  8  9  8  4  7  9  6  7  8  2  9  2  8  6  8  6  9  4  4  6  2  8  9  9  9
 [705]  4  8 11 10  2  4  7  9  4  8  4  8  8  4  8  9  8  9  2  9  7  4  4  8  4  8  7  9  2 11  4  9
 [737]  9  7  7  2  8  8  8  6  4  8  4  4  9  8  4  9  8  6  8  8  2  4  8  9  8  9  4  3  9  4  8  8
 [769]  4  9  7  7  7  4  8  4  8  9  9  9  6  9  4  4  9  7  2  4  8  8  8  9  4  2  4  9  2  1  8  1
 [801]  2  4  4  5  7 11  4  7  4  8  8  6  2  2  4  8  8  4  8  4  8  4  2  9  8  4  8  9  9  8  7  9
 [833]  4  9  3  4  2  9  4  4  4  8  4  9  4  8  4  4  4 11  9  4  4  9  9  8  4  4  4  2  7  8  8  4
 [865]  2  7  1  7  6  4  2  4  8  6  4  8  7  8  4  2 11  4  9  2  7  2  1  6  9  4  2  8  4  9  9  4
 [897]  8  8  9  9  6  6  8  4  8 11  9  9  8  2  6  4  8  4  6  4  8  4  9  6  9  8  4 11  4  9  4  9
 [929]  2  8  6  4  8  6  2  4  4  4  8  9  4 11  9  2  8  6  4 11  8  2  2  8  9  4  4  8  4  4  4  7
 [961]  7  2  4  1  4  4  8  4  3  9  7  7  8  4  7  4  4  4  4  6  9  4  4  7  7  8  4  2  8  4  4  8
 [993]  9  5  8  8  9  4  8  7
 [ reached getOption("max.print") -- omitted 8999 entries ]

Within cluster sum of squares by cluster:
 [1] 522340439 377453391 401888372 194342049 248315051 475937729 479037525 275649207 336984947 612595591
[11] 529023931
 (between_SS / total_SS =  95.7 %)

Available components:

[1] "cluster"      "centers"      "totss"        "withinss"     "tot.withinss" "betweenss"   
[7] "size"         "iter"         "ifault"      
K-means clustering with 12 clusters of sizes 97, 456, 26, 987, 302, 49, 669, 1300, 2117, 2109, 172, 1715

Cluster means:
          dt   distance aver_speed
1  1712.6289 14959.9362  14.181389
2  1553.5504  6662.2407   6.690386
3  1708.4615 29738.2725  20.370322
4  1133.5441  3907.8914   4.706637
5  1734.2119  8581.1924   7.612450
6  1537.1429 20725.1311  17.337781
7  1379.2167  5137.8196   5.527553
8   885.2523  2912.8760   4.291883
9   326.6018   762.9067   2.470998
10  475.2001  1396.3920   3.433372
11 1722.0756 11260.0645  10.774222
12  689.6781  2059.4801   3.720899

Clustering vector:
   [1] 10  9  4  9  7 12  9  5  7  9  4  8  1  9  8 12  9 12 10  8 10  6 10  9 10 12 10 12 12  5  9 10
  [33]  1  2 10  7 12  7  7  9  2  8 10 12  9 10  8  9  4 10 12  1 10  9  9 12  9  9 10  2  9 12 12  9
  [65] 10 12 11  8  9  9  4  9  4 12  7 10  9 10  8 11  8 12  4  9 12  5  9 10 10  9 10 12  9 10  4 11
  [97] 10 12  8  4  4 10  4  8 12 10  8 10  8  4  9  9 10 10 10  2  8 10 11  8 10 12 10 10  9  9  4  9
 [129] 10  4  7 12  9  4 10 12 10 12  9  9  9 10  2 12  4 11 12 12  5 12 12  4 10  9  9  9 12 10 10  9
 [161]  7  9  5 12 12  4  9  1  9  9  4 11 12  9 12  7 12 11  2 10 12 12  4  9 12  7 11 10  2 10  8  7
 [193]  9  9  9  9  9  9  7  9  8  7  7  9  9  9  7  8  2 12  4  4  7  4  9  4  8  1 10  9 11  8  2  5
 [225] 12 11  9  5  4 10  9  8 12 10  9 12  9 10  2  2  7 10  7 12  8  4  9 12  3  9  8  9 11 10  4 12
 [257]  4 12  2  8  9  7  8 12  9  8  1  8  7  8 12 12 12  5 11  4  8 10  9 10  9  8 12  9  8  9  9  9
 [289]  8  4  8  9  7 12 12  9  7  4 12  8  8  7  8  7  8  4  9  8 12 12  7 12  8 12 12  9 10 10 10  2
 [321] 12 10 10 10  4 11 12  4  8  8 10  8 12  4  7  7  7  8  9  9 12 12 12 11  8 12 12 12  8 12 12 10
 [353]  9 12 10 12  8  9  7  5  7 12 10  9 11 12  5  8  8 10 10  8  8  9 10  8 10  9 12  8 12 10  8 11
 [385] 10 10  9 12  7 10 10 10  8 10 10 12  9  9 10  9 10 10 12  4  5  8  8  9  9 10 12  9  1  8 12  8
 [417]  1 10 12  8  4  9  9  9  9 11  9 11 12  4  9 10  8  6 10  8  9 10  7 10 10 10 10  9 12  9  8 10
 [449]  4  2 10 12 10  8  4  8  4  7 10 10  8  8  7  9  9 12  9  9 12  8 12  8 12  9 12  4 12 12  8  2
 [481]  7  7 12 12 10  4  9 12  9  8 10  9  2  9  7 12  4 11  8 10 12 12  8  5  8 10 12 12  9  9 10  8
 [513]  8  6 12 10 12 12 10 10 12  4 10 10  2  7  7  7 12  2  8 10  9  9  8 10 10 10 10  9  4  4  9 12
 [545] 12  7 12 12  9  8  4  9  9 11  4 10  5  9  9 10  8  4  9  9 10  9 10 10  8  7  9  4 10 10  4 10
 [577]  4 12  7 12 12  9 10  9 10  9  9  7  8 10  9  7  4  2  4  9  9 10  9  9  9  4 10 11  9  9  9  8
 [609] 12  5  4 10  7 10 12 10 10  7 12 10 10 10 12  8  9 10 12 10 10  7 10 10 10  8  9  8  8  9 12  4
 [641]  8  8  9  8  4  8 10 12 10  9 10 10  9 10  1  2 12 12  7 10 12 12 10  9  2  5 10  8  8 12  9 10
 [673] 12  7  7  9  9 10  9 12 12 12  9  4 12  7  7 10  4  8  4 10  2 10  2  8 10  9  2  4 10 12 12 12
 [705]  9 10  5  3  4 10  4  8  9 10 10 10 10  9 10 12 12 12  4  8  4  9 10 10  9 12  7 12  8  5  9 12
 [737] 12  4  7  4 12 12 12  2  9 12  9  9  8 10  9 12 12  2 12 12  4  9 10  8 10 12  9  1 12  9 10 12
 [769]  9 12  4  4  7  9 10  9 12 12 12  8  7 12  9 10  8  7  4  9 10 10 12  8  9  4  9  8  4 11 12 11
 [801]  8 10  9  6  4  5  9  7  9 10 10  2  4  4  9 10 10  9 10  9 10  9  8  8 12  9 12  8  8 12  4 12
 [833]  9 12  1  9  4  8  9  9  9 12  9 12  9 12  9  9 10  2  8  9  9  8 12 10 10  9  9  4  4 10 12  9
 [865]  4  4 11  7  2  9  4  9 10  7  9 12  7 12  9  8  2  9 12  8  7  4 11  2  8  9  8 10  9 12  8  9
 [897] 10 12 12  8  7  2 10 10 12  5  8  8 10  8  2  9 12  9  2 10 10 10  8  7  8 10 10  5  9  8 10 12
 [929]  4 10  2 10 12  7  4  9  9  9 12 12  9  2 12  4 10  7  9  5 10  4  8 10 12  9  9 10  9  9  9  7
 [961]  7  4  9 11  9 10 12  9  1  8  7  7 12  9  7  9  9  9  9  2  8  9 10  7  7 12  9  8 10  9  9 10
 [993] 12  6 12 10  8 10 10  7
 [ reached getOption("max.print") -- omitted 8999 entries ]

Within cluster sum of squares by cluster:
 [1] 348038253 436400289 612595591 392549970 467743083 248315051 477978747 300522617 100613710 151956354
[11] 406367065 236066340
 (between_SS / total_SS =  95.9 %)

Available components:

[1] "cluster"      "centers"      "totss"        "withinss"     "tot.withinss" "betweenss"   
[7] "size"         "iter"         "ifault"      
K-means clustering with 13 clusters of sizes 95, 1278, 49, 431, 2099, 161, 26, 792, 460, 296, 1736, 464, 2112

Cluster means:
          dt   distance aver_speed
1  1682.4421 14997.4374  14.366887
2   941.2410  2901.8233   3.968568
3  1537.1429 20725.1311  17.337781
4  1800.7587  6732.7645   5.413904
5   326.4131   760.1043   2.462409
6  1842.1553 11382.4287  10.029985
7  1708.4615 29738.2725  20.370322
8   850.5619  3894.3838   5.767448
9  2008.5478  4436.3962   2.294192
10 1547.8514  8703.6722   8.701406
11  679.8214  2060.6975   3.789039
12  869.6099  5411.4903   8.198432
13  475.0062  1390.9217   3.418886

Clustering vector:
   [1] 13  5  8  5 12 11  5 10  9  5  8  2  1  5  2 11  5  2 13  2 13  3 13  5 13 11 13 11 11 10  5 13
  [33]  1  4 13  4 11  9  4  5  4  8 13 11  5 13  2  5  8 13 11  1 13  5  5 11  5  5 13  4  5 11 11  5
  [65] 13 11  6  2  5  5  8  5  8 11 12 13  5 13  2  6  2 11  8  5 11 10  5 13 13  5 13 11  5 13  8  6
  [97] 13 11  2  8  8 13  8  2 11 13  2 13  2  8  5  5 13 13 13  4  2 13  6  2 13 11 13 13  5  5  9  5
 [129] 13  9  9 11  5  9 13 11 13 11  5  5  5 13  4 11  8  6 11 11 10 11 11  9 11  5  5  5 11 13 13  5
 [161] 12  5 10 11 11  8  5  1  5  5  8  6 11  5 11 12 11  6  4 13 11 11  9  5 11 12  6 13  4 13  2  9
 [193]  5  5  5  5  5  5 12  5  2 12 12  5  5  5  9  2  4 11  8  8  9  8  5  8  2  1 13  5  6  8 12 10
 [225] 11  6  5 10  8 13  5  2 11 13  5 11  5 13  4  4  9 13  9 11  2  9  5 11  7  5  2  5  6 13  9 11
 [257]  8 11  4  2  5 12  2 11  5  2  1  2  9  2 11 11 11 10  6  8  2 13  5 13  5  2 11  5  2  5  5  5
 [289]  2  8  2  5  8  2 11  5 12  8 11  2  2 12  2 12  2  9  5  2 11 11  8 11  2 11 11  5 13 13 13  4
 [321] 11 13 13 13  2  6 11  8  2  2 11  2 11  9  9 12 12  2  5  5 11 11 11  6  2 11 11 11  8 11 11 13
 [353]  5 11 13 11  2  5  9 10  9 11 13  5  6 11 10  2  2 13 13  2  2  5 13  2 13  5 11  8 11 13  2  6
 [385] 13 13  5 11  4 13 13 13  2 13 13 11  5  5 13  5 13 13 11  9 10  8  2  5  5 13 11  5  1  2 11  2
 [417]  1 13 11  2  8  5  5  5  5  6  5  6 11  8  5 13  2  3 13  2  5 13 12 13 13 13 13  5 11  5  2 13
 [449]  9 12 13 11 13  2  8  2  8  9 13 13  2  2  9  5  5 11  5  5 11  2 11  2 11  5 11  8 11 11  2  4
 [481] 12 12 11 11 13  8  5 11  5  2 13  5  4  5 12 11  8 10  2 13 11 11  2 10  2 13 11 11  5  5 13  2
 [513]  2  3 11 13 11 11 13 13 11  2 13 13  4 12  9  9 11  4  2 13  5  5  2 13 13 13 13  5  8  9  5 11
 [545] 11  9 11 11  5  2  9  5  5  6  9 13 10  5  5 13  2  9 13  5 13  5 13 13  2 12  5  8 13 13  9 13
 [577]  8 11  9 11 11  5 13  5 13  5  5 12  2 13  5 12  8  4  8  5  5 13  5  5  5  8 13  6  5  5  5  2
 [609] 11 10  8 13 12 13 11 13 13 12 11 13 13 13 11  2  5 13 11 13 13  9 13 13 13  2  5  2  2  5 11  9
 [641]  2  2  5  2  8  2 13 11 13  5 13 13  5 13  1  4 11 11 12 13 11 11 13  5  4 10 13  2  2 11  5 13
 [673] 11 12 12  5  5 13  5 11 11 11  5  8 11 12  9 13  8  2  8 13  4 13  4  2 13  5  4  8 13 11 11 11
 [705]  5 13 10  7  2 13  9  2  5 13 13 13 13  5 13 11 11 11  8  2  9  5 13 13  5 11  9 11  2 10  5 11
 [737] 11  8 12  9 11 11 11  4  5 11  5  5  2 13  5 11 11 12 11 11  8  5 13  2 13 11  5  1 11  5 13 11
 [769]  5 11  9  9  9  5 13  5 11 11 11  2 12 11  5 13  2 12  8  5 13 13 11  2  5  8  5  2  8  6 11  6
 [801]  8 13  5  3  8 10  5 12  5 13 13 12  8  8  5 13 13  5 13  5 13  5  2  2 11  5 11  2  2 11  9 11
 [833]  5 11  1  5  8  2  5  5  5 11  5 11  5 11  5  5 13  4  2  5  5  2 11 11 13  5  5  8  9 13 11  5
 [865]  9  8 10  9 12  5  2  5 13 12  5 11  9 11  5  2  4  5 11  8  9  8  6 12  2  5  2 13  5 11 11  5
 [897] 13 11 11  2 12  4 13 13 11 10  2  2 13  2  4  5 11  5  4 13 13 13  2 12  2 13 13  4  5  2 13 11
 [929]  8 13  4 13 11 12  2  5  5  5 11 11  5  4 11  8 13 12  5 10 13  8  2 13 11  5  5 11  5  5  5  9
 [961]  9  8  5  6 13 13 11  5  1  2  9  9 11  5 12  5  5  5  5  4  2  5 13 12  9 11  5  2 13  5  5 13
 [993] 11  3 11 13  2 13 13  8
 [ reached getOption("max.print") -- omitted 8999 entries ]

Within cluster sum of squares by cluster:
 [1] 332979339 302433934 248315051 446469505  98416759 390125048 612595591 182091110 221765903 422902692
[11] 240514211 177291077 151353589
 (between_SS / total_SS =  96.3 %)

Available components:

[1] "cluster"      "centers"      "totss"        "withinss"     "tot.withinss" "betweenss"   
[7] "size"         "iter"         "ifault"      
K-means clustering with 14 clusters of sizes 49, 177, 917, 799, 442, 2014, 1716, 654, 2069, 507, 251, 280, 98, 26

Cluster means:
          dt   distance aver_speed
1  1537.1429 20725.1311  17.337781
2  1984.8531 11167.4280   9.279214
3   620.7067  2861.1593   5.506813
4   841.1452  4051.9304   6.081638
5  2003.2828  4628.9069   2.425557
6   323.2205   747.3231   2.441042
7   687.3275  1996.5607   3.568327
8  1359.5612  2995.1034   2.289525
9   463.6303  1358.9933   3.411548
10  962.1124  5898.1753   8.127311
11 2539.3108  7060.7137   2.964512
12 1137.6893  8494.3633  10.189357
13 1659.6735 14937.3872  14.472377
14 1708.4615 29738.2725  20.370322

Clustering vector:
   [1]  9  6  4  6 10  7  6 12  5  6  4  3 13  6  8  7  6  8  9  3  9  1  9  6  9  7  9  7  7 12  6  9
  [33] 13 11  9  5  7  5  5  9 10  3  9  7  6  9  3  6  4  9  7 13  9  6  6  3  6  6  9 11  9  7  7  6
  [65]  9  7  2  3  6  6  4  6  4  7  4  9  6  9  3  2  3  7  4  6  7 11  6  9  9  6  9  7  6  9  4  2
  [97]  9  7  8  4  8  9  4  3  7  9  8  7  8  4  6  6  9  9  7 10  8  9  2  8  7  7  9  9  6  6  4  6
 [129]  9  5  5  7  6  8  9  7  7  7  6  6  9  7 11  7  4  2  7  7 12  7  7  5  7  6  6  6  7  9  9  6
 [161] 10  6 12  7  7  4  6 13  6  6  4  2  7  6  7 10  7  2 10  9  7  7  4  6  7 10  2  9 10  9  8  5
 [193]  6  6  6  6  6  6  5  6  3 10 10  6  6  6  5  3 11  7  4  4  5  4  6  4  3 13  9  6  2  3 10 11
 [225]  7  2  6 12  4  9  6  8  7  9  6  7  6  9 10 10  5  9  5  7  8  5  6  7 14  6  8  6  2  9  5  7
 [257]  4  7 12  8  6  4  8  7  6  3 13  8  5  3  7  7  7  2  2  4  8  9  6  9  6  8  7  6  3  6  6  6
 [289]  3  4  3  6  4  8  7  6 10  4  3  8  3 10  8 10  3  5  6  8  7  7  4  7  8  3  7  6  9  9  9 11
 [321]  7  9  9  9  8  2  7  4  8  8  7  8  7  5  5 10 10  3  6  6  7  7  3  2  8  7  8  7  3  7  3  9
 [353]  6  7  9  7  8  9  5 12  4  7  9  6  2  7 12  8  8  7  7  3  8  6  9  3  9  6  7  3  7  9  8  2
 [385]  9  9  6  7  5  9  9  9  3  9  9  3  6  6  9  6  9  7  3  5 11  3  3  6  6  9  7  6 13  3  7  8
 [417] 13  9  7  3  4  6  6  6  6  2  6  2  7  4  6  9  8  1  9  8  6  9 10  9  9  9  9  6  7  9  3  9
 [449]  5 10  9  7  9  8  4  3  4  5  9  9  8  3  5  9  6  7  6  6  7  3  7  3  3  6  7  4  7  3  8 10
 [481] 10 10  7  7  9  4  6  7  6  3  9  6 12  6 10  7  4 12  8  9  7  7  8 12  3  9  7  7  6  6  9  3
 [513]  3  1  7  9  7  3  9  9  7  8  7  9 10  5  5  5  7 11  3  9  6  6  8  9  9  9  9  6  4  5  6  7
 [545]  7  5  7  3  6  8  4  6  6  2  4  9 12  6  6  9  8  5  9  6  9  6  9  9  8 10  6  4  9  9  4  9
 [577]  4  7  5  7  7  6  9  6  9  6  6 10  8  9  6 10  4 12  4  6  6  9  6  6  9  4  9  2  6  6  6  3
 [609]  7 12  4  9  4  9  7  9  9  4  7  9  9  9  7  8  6  9  7  9  9  5  9  7  9  3  6  3  3  6  7  5
 [641]  3  8  6  3  4  8  9  7  9  6  9  9  6  9 13 11  7  7 10  9  7  7  9  6 11 12  9  3  8  7  6  9
 [673]  7  5  5  6  6  9  6  7  7  7  6  4  7 10  5  9  4  8  4  9 10  9 10  3  9  6 10  4  7  7  7  7
 [705]  6  9 12 14  8  9  5  8  6  9  9  9  9  6  7  7  7  7  4  3  5  6  9  9  9  7  5  7  8 12  6  7
 [737]  3  4  5  5  7  7  7 10  6  7  6  9  3  9  6  7  7 10  7  7  8  6  7  3  9  7  6 13  7  6  9  7
 [769]  6  7  5  5  5  6  9  6  7  7  7  3 10  7  6  9  3  4  8  6  9  9  7  3  6  4  6  3  4  2  7  2
 [801]  3  9  6  1  4 12  6 10  6  9  9 10  4  8  6  9  9  6  9  6  9  6  8  3  7  6  7  8  3  7  5  3
 [833]  6  7 13  6  4  3  6  6  6  7  6  7  6  7  6  6  9 11  3  6  6  3  3  7  9  6  6  4  5  9  7  6
 [865]  8  4 12  5 10  9  8  6  9 10  6  7  5  7  6  8 11  6  7  3  5  4  2 10  8  6  8  9  6  7  3  6
 [897]  7  7  7  3 10 11  9  9  7 12  3  3  9  8 10  6  7  6 10  9  9  9  3 10  3  9  9 11  6  3  9  7
 [929]  4  9 11  9  7 10  8  6  9  6  7  7  9 12  7  4  9 10  6 12  9  4  3  9  7  6  6  7  6  6  6  5
 [961]  5  4  6  2  9  9  7  6 13  8  5  5  7  6  5  6  6  6  6 10  8  6  9 10  5  7  6  3  9  6  6  9
 [993]  7  1  7  9  3  9  9  4
 [ reached getOption("max.print") -- omitted 8999 entries ]

Within cluster sum of squares by cluster:
 [1] 248315051 483375257 124191307 215556248 209473532  88344909 216120996 140465169 139788218 266826766
[11] 245918470 270810509 346598128 612595591
 (between_SS / total_SS =  96.5 %)

Available components:

[1] "cluster"      "centers"      "totss"        "withinss"     "tot.withinss" "betweenss"   
[7] "size"         "iter"         "ifault"      
Warning: did *not* converge in specified number of iterations
K-means clustering with 15 clusters of sizes 253, 728, 468, 272, 500, 47, 795, 144, 91, 309, 26, 1644, 1954, 1893, 875

Cluster means:
          dt   distance aver_speed
1  2560.4901  6427.6439   2.627274
2  1248.5714  2758.2845   2.292756
3   925.9744  5256.6567   7.372778
4  1666.3493  8965.4571   8.238771
5  1841.5160  4267.0238   2.434426
6  1547.1915 20844.1374  17.479956
7   797.4075  3752.1626   5.790106
8  1761.6528 11659.9138  10.956776
9  1730.4835 15177.3008  13.883287
10 1000.8932  6928.0967   9.309358
11 1708.4615 29738.2725  20.370322
12  646.5809  1888.4595   3.579157
13  453.3449  1303.2129   3.328525
14  318.6455   729.0324   2.408324
15  566.0743  2679.7391   5.568495

Clustering vector:
   [1] 13 14  7 14  3 12 14 10  5 14  7 15  9 14  2 12 14  2 13 15 13  6 13 14 13 12 13 15 12  4 14 13
  [33]  9  1 13  1 12  5  1 13 10  7 13 12 14 13  2 14  7 12 12  9 13 14 14 15 14 14 13 10 13 15 12 14
  [65] 13 15  8 15 14 14  7 14  7 12  3 13 14 13 15  8  2 15  7 13 12  4 13 12 13 14 13 12 14 12  7  8
  [97] 13 12  2  7  5 13  7 15 12 13  2 12  2  5 14 14 13 12 12 10  2 13  8  2 12 15 13 13 14 14  5 14
 [129] 13  5  5 12 14  5 13 12 12 15 14 14 13 12  1 12  7  8 12 12  4 12 15  5 12 14 14 14 12 13 13 14
 [161]  3 14  4 12 12  7 14  9 14 14  7  8 12 13 15  3 12  8 10 13  2 12  5 14 12  3  8 12 10 13  2  1
 [193] 14 14 14 14 14 14  3 14  7  3  3 14 14 14  1  2  1 12  5  7  5  7 14  7 15  9 13 13  8  7 10  4
 [225] 12  4 14  4  7 13 14  2  2 13 14 12 14 13 10 10  5 13  5 12  2  5 14 15 11 14  7 14  4 13  5 12
 [257]  7 12 10  2 14  3  2 12 14 15  9  7  3 15 12 12 12  4  8  7  2 13 14 12 14  2 12 14 15 14 14 14
 [289] 15  7 15 14  3  2 12 14  3  7 15  7 15  3  2  3  2  5 14  2 12 12  5 12  2 15 12 14 13 13 13  1
 [321] 12 13 13 12  2  8 12  7  2  2 12  7 12  5  1  3  3 15 14 14  2 12 15  4  2 12  2 15  7 12 15 13
 [353] 14 12 12 15  2 13  5  4  5 15 12 14  4 12  4  2  2 12 12 15  2 14 13 15 13 14 12  7 15 13  2  4
 [385] 13 13 14 12  1 13 13 12 15 13 13 15 14 14 13 14 12 12 15  5  4  7  2 14 14 13 12 14  9 15 15  2
 [417]  9 13 12  2  7 14 14 14 14  8 14  8 12  7 14 13  2  6 13  2 14 13  3 13 13 13 13 14 12 13  2 12
 [449]  5 10 13 12 13  2  7 15  7  5 13 13  2 15  5 13 14 12 14 14 12 15 12 15 15 14 12  7 12 15  2 10
 [481]  3  3 12 12 13  7 14 12 14  7 13 14 10 14  3 12  7  4  2 13 12 12  2  4 15 12 12 12 14 14 13 15
 [513] 15  6 12 13 12 15 13 13 12  7 12 13  1  3  5  5 12  1 15 13 14 14  2 13 13 13 13 14  7  5 14 12
 [545] 12  5 12 15 14  2  5 14 14  8  5 13 10 14 14 13  2  5 13 14 13 14 13 13  2  3 14  7 13 13  5 13
 [577]  5 12  5 12 12 14 12 14 13 14 14  3  2 13 14  3  7 10  5 14 14 13 14 14 13  7 12  8 14 14 14  2
 [609] 12 10  7 13  3 13 12 13 13  3 12 13 13 13 12  2 14 13 12 13 13  5 13 12 13  2 14 15 15 14 12  5
 [641] 15  7 14 15  5  2 13 12 13 14 13 13 14 13  9  1 15 12  3 13 12 15 13 14  1  4 13 15  2 12 14 13
 [673] 12  3  3 14 14 13 14 12 12 12 14  7 12  3  1 13  7  2  7 13  1 13 10 15 13 14 10  7 12 15 15 15
 [705] 14 13 10 11  7 13  5  2 14 13 13 12 13 14 12 12 12 15  5 15  5 14 13 13 13 12  5 15  2  4 14 12
 [737] 15  5  3  5 12 12 12 10 14 12 14 13  2 13 14 12 12  3 12 12  7 14 12 15 13 12 14  9 12 14 13 12
 [769] 14 15  5  5  3 14 13 13 12  2 12 15  3 12 14 13 15  3  5 14 13 13 12 15 14  7 14  2  7  8 12  8
 [801]  7 13 14  6  3  4 14  3 14 13 13 10  7  7 14 13 13 14 13 14 13 14  7  2 12 14 12  2 15 12  5 15
 [833] 14 12  9 14  7 15 13 14 14 12 14 12 14 12 14 14 13 10 15 14 14 15 15 12 13 14 14  7  5 12 12 14
 [865]  5  7  4  5  3 13  7 14 13  3 13 12  5 12 13  2 10 14 12  7  1  7  8 10  2 14  2 13 13 15 15 14
 [897] 12 12 15 15  3  1 13 13 12  4 15 15 13  2 10 14 12 14 10 13 13 13 15  3  2 13 13  1 14 15 13 15
 [929]  5 13  1 13 12  3  7 14 13 14 12 12 13 10 15  7 13  3 14  4 13  7  7 13 12 13 14 12 14 14 14  3
 [961]  5  7 14  4 13 13 12 14  9  2  5  5 12 14  3 14 14 14 14 10  2 14 13  3  3 12 14 15 13 14 14 13
 [993]  2  6 12 13 15 13 13  3
 [ reached getOption("max.print") -- omitted 8999 entries ]

Within cluster sum of squares by cluster:
 [1] 220704648 126817599 162412272 399352281 187647562 231837971 162596616 342469225 322444217 160257410
[11] 612595591 175289511 116678021  75100249 103357049
 (between_SS / total_SS =  96.7 %)

Available components:

[1] "cluster"      "centers"      "totss"        "withinss"     "tot.withinss" "betweenss"   
[7] "size"         "iter"         "ifault"      
Warning: did *not* converge in specified number of iterations
K-means clustering with 16 clusters of sizes 350, 334, 92, 921, 153, 476, 864, 200, 1906, 1801, 1526, 47, 694, 26, 221, 388

Cluster means:
          dt   distance aver_speed
1  2117.6486  4949.0539   2.432302
2  1128.2934  6735.6671   8.219667
3  1655.8804 15154.7389  14.384445
4   652.7655  2909.1241   5.417691
5  1895.8366 11544.0832   9.954188
6  1587.1071  3436.4870   2.242915
7  1017.8241  2282.0486   2.399528
8  2803.3150  7444.3106   2.788357
9   458.2823  1265.3428   3.193212
10  313.9212   715.3617   2.393346
11  532.7903  1852.6528   4.154889
12 1547.1915 20844.1374  17.479956
13  831.2853  3967.1787   5.872457
14 1708.4615 29738.2725  20.370322
15 1161.4615  8963.4285  10.558037
16  832.9201  5275.5725   8.004426

Clustering vector:
   [1]  9 10 13 10 16  7 10 15  1 10 13  4  3 10  7 11 10  7  9  4  9 12  9 10  9 11  9 11  7 15 10  9
  [33]  3  8  9  1 11  1  1  9  2 13  9  7 10  9  4  9 13 11 11  3  9 10 10  4 10 10  9  2  9  7 11 10
  [65]  9  7  5  4 10 10 13 10 13 11 16  9 10 11  4  5  4  7 13  9 11  8  9 11  9 10  9 11 10 11 13  5
  [97]  9 11  4 13  6 11 13  4 11  9  7 11  7  6 10 10  9 11 11  2  6  9  5  7 11  7  9  9 10 10  6 10
 [129]  9  6  1 11 10  6  9  7 11  7 10 10  9 11  2 11 13  5 11 11 15 11 11  1 11 10 10 10 11 11  9 10
 [161] 16 10 15  7 11 13 10  3 10 10 13  5 11  9  7 16 11  5  2  9  7 11 13 10 11 16  5 11  2  9  7  1
 [193] 10 10 10 10 10 10 16 10  4 16 16 10 10 10  1  4  8 11 13 13  1 13 10 13  4  3  9  9  5  4  2  8
 [225] 11  5 10 15 13  9 10  6  7  9 10 11 10  9  2  2  1  9  1 11  4  6 10  7 14 10  6 10  5  9  6 11
 [257] 13 11  2  4 10 16  6 11 10  4  3  6  1  4 11 11  7 15  5  6  7  9 10 11 10  7 11 10  4 10 10 10
 [289]  4 13  4 10 16  7 11 10 16 13  7 13  7 16  6 16  4  6 10  7 11 11 13 11  4  7 11  9  9  9  9  8
 [321] 11  9 11 11  6  5 11 13  4  7 11 13 11  6  1 16 16  4 10 10  7 11  4  5  6 11  7  7 13  7  7  9
 [353] 10 11 11  7  7  9  1 15 13  7 11 10 15 11  8  6  6 11 11  4  6 10  9  4  9 10 11  4  7  9  7  5
 [385]  9  9 10 11  1 11  9 11  4  9 11  7  9 10 11 10 11 11  4  6  8  4  7 10 10  9 11 10  3  4 11  6
 [417]  3  9 11  4 13 10 10 10 10  5 10  5  7 13 10  9  7 12  9  6 10  9 16  9  9  9  9 10 11  9  4 11
 [449] 13  2  9 11  9  6 13  4 13  1  9  9  6  4  1  9 10 11 10 10  7  4 11  4  4 10 11 13 11  7  7  2
 [481] 16 16 11 11  9 13 10 11 10  4  9 10  2 10 16 11 13 15  7  9 11 11  4 15  4 11 11  7 10 10  9  4
 [513]  4 12 11  9  7  7  9  9 11  6 11  9  2 16  1  1 11  2  4  9 10 10  7  9  9  9  9 10 13  6 10 11
 [545] 11  1  7  4 10  7 13 10 10  5  6  9 15 10 10  9  6  1  9 10 11 10  9  9  7 16 10 13  9  9 13  9
 [577]  6  7  1 11 11 10 11 10  9  9 10 16  6  9 10 16 13  2 13 10 10  9 10 10  9 13 11  5 10 10  9  7
 [609]  7 15 13  9 16  9 11  9  9 16  7  9  9  9 11  7 10 11 11  9  9  1  9 11  9  4 10  4  4 10 11  6
 [641]  4  6 10  4 13  4  9 11  9 10  9  9 10  9  3  2 11  7 16 11  7  7  9 10  2 15  9  4  6  7 10  9
 [673] 11 16 16 10 10 11 10 11  7 11 10 13  7 16  1  9 13  7 13  9  2  9  2  4  9  9  2 13 11  7 11 11
 [705] 10  9  2 14  6  9  1  7 10  9  9 11  9 10 11  7 11  7  6  4  6 10  9  9  9  7  1  7  4 15 10  7
 [737]  4 13  1  6 11 11 11  2 10 11 10  9  7  9 10  7 11  2 11 11  6 10 11  7  9  7 10  3 11 10  9  7
 [769] 10  7 13  6  1 10  9  9  7  7  7  4 16  7 10  9  4 16  6 10  9  9 11  4 10 13 10  4 13  5 11  5
 [801]  4  9  9 12 13 15 10 16 10  9  9  2 13  6 10  9  9 10  9 10  9 10  6  7 11 10 11  6  4 11  1  4
 [833] 10 11  3 10 13  7  9 10 10 11 10 11 10  7 10 10  9  8  4 10 10  4  4 11  9 10 10 13 13 11  7 10
 [865]  6 13 15  1 16  9  6 10  9 16  9 11  1  7  9  6  2 10 11  4  1 13  5  2  4 10  6  9  9 11  4 10
 [897] 11 11  7  4 16  2  9  9 11 15  4  4  9  6  2 10 11 10  2  9  9  9  4 16  7  9  9  8 10  4  9 11
 [929]  6  9  2  9 11 16  6 10  9 10 11  7  9  2  7 13  9 16 10 15  9 13  4  9 11  9 10 11  9 10 10  1
 [961]  1 13 10  5  9  9 11 10  3  7  1  1  7 10 16 10 10 10  9  2  7 10  9 16  1 11 10  4  9 10 10  9
 [993]  7 12 11  9  4  9  9 16
 [ reached getOption("max.print") -- omitted 8999 entries ]

Within cluster sum of squares by cluster:
 [1] 164473837 171804266 311216240 125898991 386931619 108111160 106362540 245438442 109307645  65911373
[11] 131878978 231837971 145574705 612595591 196372913 107435746
 (between_SS / total_SS =  96.9 %)

Available components:

[1] "cluster"      "centers"      "totss"        "withinss"     "tot.withinss" "betweenss"   
[7] "size"         "iter"         "ifault"      
Warning: did *not* converge in specified number of iterations
K-means clustering with 17 clusters of sizes 131, 437, 224, 663, 124, 47, 302, 1659, 1749, 470, 26, 765, 1883, 179, 880, 85, 375

Cluster means:
          dt   distance aver_speed
1  1890.1145 11904.1925  10.893817
2  1843.4119  4106.1234   2.302609
3  2446.0804  5812.6849   2.470022
4  1254.8658  2670.9965   2.198652
5  2956.7500  8270.6998   2.951096
6  1547.1915 20844.1374  17.479956
7  1214.6921  7225.1733   8.109309
8   641.4684  1807.4845   3.428811
9   313.6272   706.9455   2.365580
10  813.2319  4413.8948   6.795999
11 1708.4615 29738.2725  20.370322
12  776.6248  3420.7190   5.370546
13  433.6028  1251.4856   3.313772
14 1122.6034  9410.3612  11.233680
15  560.2045  2504.5454   5.247516
16 1691.3294 15295.6198  13.873921
17  949.4400  5654.4651   7.859670

Clustering vector:
   [1] 13  9 10  9 17  8  9  7  2  9 12 15 16  9  4  8  9  4 13 15 13  6 13  9 13  8 13 15  8 14  9  8
  [33] 16  5 13  3  8  2  3 13  7 12 13  8  9 13  4 13 10  8  8 16 13  9  9 15  9  9 13  7 13 15  8  9
  [65] 13 15  1 15  9  9 12  9 10  8 10 13  9 13 15  1  4 15 10 13  8  5 13  8 13  9 13  8  9  8 12 14
  [97] 13  8  4 10  2 13 12 15  8 13  4  8  4  2  9  9 13  8  8  7  4 13  1  4  8 15 13 13  9  9  2  9
 [129] 13  2  3  8  9  2 13  8  8 15  9  9 13  8  3  8 12  1  8  8 14  8 15  2  8  9  9  9  8  8 13  9
 [161] 17  9  7  8  8 12  9 16  9  9 10  1  8 13 15 17  8  1  7 13  4  8  2  9 15 17  1  8  7  8  4  3
 [193]  9  9  9  9  9  9 17  9 12 17 10  9  9  9  3  4  3  8 10 12  2 10  9 12 15 16 13 13  1 12 17  5
 [225]  8 14  9  7 12 13  9  4  4 13  9  8  9 13  7  7  3 13  3  8  4  2  9 15 11  9 12  9 14 13  2  8
 [257] 12  8  7 12  9 10  4  8  9 15 16 12 10 15  8  8 15 14  1 12  4  8  9  8  9  4  8  9 15  9  9  9
 [289] 15 12 15  9 10  4  8  9 17 12 15 12 15 17  4 17 12  2  9  4  8  8 10 15  4 15  8 13 13 13 13  3
 [321]  8 13  8  8 12  1  8 12  4  4  8 12 15  2  3 17 17 15  9  9  4  8 15 14  4  8  4 15 12  8 15 13
 [353]  9  8  8 15  4 13  2 14 10 15  8  9 14  8  5 12  4  8  8 15  4  9 13 15 13  9  8 12 15 13  4 14
 [385] 13  8  9 15  3 13 13  8 15 13  8 15 13  9 13  9  8  8 15  2  5 12  4  9  9 13  8  9 16 15 15 12
 [417] 16 13  8 12 10  9  9  9  9  1  9  1  8 10  9 13  4  6 13  4  9 13 17 13 13 13 13  9  8 13  4  8
 [449]  2 17 13  8 13  4 12 12 10  2 13 13  4 15  3 13  9  8  9  9  8 12  8 12 15  9  8 12 15 15  4  7
 [481] 17 17  8 15 13 10  9  8  9 12 13  9  7  9 17  8 12 14  4 13 15  8  4 14 15  8  8  4  9  9 13 12
 [513] 15  6  8 13  8 15 13  8  8 12  8 13  3 10  2  2 15  3 12 13  9  9  4 13 13 13 13  9 10  2  9  8
 [545]  8  2  8 15  9  4  2  9  9  1  2 13  7  9  9 13  4  2 13  9  8  9 13 13  4 17  9 10 13 13 10 13
 [577]  2  8  2  8  8  9  8  9 13 13  9 17  4 13  9 17 12  7  2  9  9 13  9  9 13 12  8  1  9  9 13  4
 [609] 15  7 12  8 10 13  8 13 13 10  8 13 13 13  8  4  9  8 15 13 13  2 13  8 13 12  9 12 15  9  8  2
 [641] 12 12  9 12 10  4 13  8 13  9 13 13  9 13 16  7 15  8 17  8  8 15 13  9  3 14 13 15  4  8  9 13
 [673]  8 10 10  9  9  8  9  8  4  8  9 10  8 17  3 13 10  4 12 13 17 13 17 12 13 13 17 10  8 15 15 15
 [705]  9  8  7 11 12 13  2  4  9 13 13  8 13  9  8  8  8 15  2 12  2 13 13 13 13  8  2 15 12  7  9  8
 [737] 15  2 17  2  8  8  8  7 13  8  9 13  4 13  9 15  8 17  8  8 12 13  8 15 13  8  9 16 15  9 13  8
 [769]  9 15  2  2  3  9 13 13  8  4  8 15 17  8 13 13 12 10  2  9 13 13  8  4  9 10 13  4 12  1  8  1
 [801] 12 13 13  6 10  7  9 10  9 13 13 17 12 12  9 13 13 13 13  9 13  9 12  4  8  9  8  4 15  8  2 15
 [833]  9  8 16  9 12 15 13  9  9  8  9 15  9  8  9  9 13  7 15  9  9 15 15  8 13  9  9 12  2  8  8  9
 [865]  2 10 14  2 17 13 12  9 13 17 13  8  2  8 13  4  7  9 15 12  3 10  1 17  4  9  4 13 13 15 15  9
 [897]  8  8 15 15 17  3 13 13  8  7 12 15 13  4  7  9  8  9  7 13 13 13 15 17  4  8 13  5  9 15 13 15
 [929]  2 13  7 13  8 17 12  9 13  9  8  8 13  7 15 10 13 17  9 14  8 10 12  8 15 13  9  8 13  9  9 17
 [961]  2 12  9 14 13 13  8  9  1  4  2  2  8  9 17 13  9  9 13  7  4  9 13 10  3  8  9 12 13  9  9 13
 [993]  4  6  8 13 15 13  8 10
 [ reached getOption("max.print") -- omitted 8999 entries ]

Within cluster sum of squares by cluster:
 [1] 342932270 131881225 124684513 103807287 140068947 231837971 177152102 164798024  61213370 109890066
[11] 612595591 119648427 100580835 147523797  85279619 276849077 127570542
 (between_SS / total_SS =  97.0 %)

Available components:

[1] "cluster"      "centers"      "totss"        "withinss"     "tot.withinss" "betweenss"   
[7] "size"         "iter"         "ifault"      
Warning: did *not* converge in specified number of iterations
K-means clustering with 18 clusters of sizes 129, 1516, 47, 558, 1685, 640, 192, 1570, 609, 146, 582, 90, 813, 26, 227, 314, 419, 436

Cluster means:
          dt   distance aver_speed
1  2924.2171  8365.8405   3.025192
2   520.6748  1677.3751   3.782948
3  1547.1915 20844.1374  17.479956
4  1335.8262  2983.1754   2.308241
5   422.6795  1165.3351   3.137466
6  1035.0906  2060.0312   2.044021
7  1029.7812  9030.4947  11.378392
8   307.1299   679.3072   2.314222
9   624.3087  3130.9456   5.931752
10 1836.0822 11652.3917  10.536423
11  800.8196  3997.1962   6.123491
12 1683.0111 15195.7199  14.012522
13  548.9680  2379.6124   5.020683
14 1708.4615 29738.2725  20.370322
15 2447.8634  5979.0297   2.538928
16 1114.9013  6916.8224   8.383744
17  887.1098  5327.3822   7.753945
18 1857.1124  4264.5054   2.388768

Clustering vector:
   [1]  5  8 11  8 17  6  8  7 18  8 11  9 12  5  4  6  8  6  5  9  5  3  5  8  5  2  5 13  6  7  8  2
  [33] 12  1  5 15  2 18 15  5 16  9  5  6  8  5  9  5 11  2  2 12  2  8  8 13  8  8  5 16  5 13  2  8
  [65]  5 13 10 13  8  8  9  8 11  2 17  2  8  2  9 10  9 13 11  5  2  1  5  2  2  8  5  2  8  2 11 10
  [97]  5  2  4 11  4  2 11  9  2  5  6  2  4 18  8  8  2  2  2 16  4  5 10  4  2 13  5  2  8  8 18  8
 [129]  5 18 18 13  5  4  2  6  2 13  8  8  5  2 15  2 11 10 13  2  7  2 13 18  2  8  8  8 13  2  5  8
 [161] 17  8  7  6 13  9  5 12  8  5 11 10 13  5 13 17  2 10 16  5  6  2 18  8 13 17 10  2 16  2  4 15
 [193]  8  8  8  8  8  8 17  8  9 17 17  8  5  8 15  4 15  2 11 11 18 11  8  9 13 12  5  5 10  9 16  1
 [225]  2  7  8  7 11  2  8  4  6  5  8  2  8  5 16 16 15  5 18  2  4 18  8 13 14  8  4  8 10  2 18  2
 [257] 11  6 16  4  8 17  4  2  8  9 12  9 18  9  2  2 13  7 10 11  4  2  8  2  8  6  2  8  9  8  8  8
 [289] 13 11  9  5 11  6  2  8 17  9 13  9 13 17  4 17  9 18  8  4  2  2 11 13  4 13 13  5  5  5  5 15
 [321] 13  5  2  2  4 10  6 11  4  4  2  9 13 18 15 17 17 13  8  8  6  2 13  1  4  2  6 13  9  6 13  5
 [353]  8  2  2 13  6  5 18  7 18 13  2  8  7 13  1  4  4  2  2  9  4  8  5 13  5  8  2  9  6  5  4  7
 [385]  2  2  5 13 15  2  5  2  9  5  2 13  5  8  2  8  2  2 13 18  1  9  6  8  8  5  2  8 12 13 13  4
 [417] 12  5  2  9 11  8  8  8  8 10  8 10  6 11  8  5  4  3  5  4  8  5 17  5  2  5  5  8  2  5  9  2
 [449] 18 16  5  2  2  4 11  9 11 18  5  5  4 13 18  5  8  2  8  8  6  9  2  9 13  5  6 11 13 13  6 16
 [481] 17 17  2 13  2 11  8  2  5  9  5  5 16  5 17 13 11  7  4  5 13  2  4  7 13  2  2  6  8  8  5  9
 [513]  9  3 13  5  6 13  5  2 13  4  2  5 15 17 18 18 13 15  9  5  8  8  4  5  5  5  5  8 11 18  8 13
 [545]  2 18  6 13  8  4 18  8  8 10 18  5  7  8  8  2  4 18  5  8  2  8  2  5  4 17  8 11  5  5 18  5
 [577] 18  6 18  2  2  8  2  8  5  5  8 17  4  5  8 17 11 16 18  8  8  5  8  8  5  9  2 10  8  8  5  6
 [609] 13  7  9  2 17  5  2  5  5 17  6  5  5  2  2  4  8  2 13  2  5 18  2  2  5  9  8  9  9  8  6 18
 [641]  9  9  8  9 18  4  5  2  5  8  2  5  8  2 12 15 13  6 17  2  6 13  5  5 15  7  5  9  4  6  8  5
 [673]  2 17 17  5  8  2  8  2  6  2  8 11  6 17 15  2 11  4 11  2 15  2 16  9  5  5 16 11  2  6 13 13
 [705]  8  2 16 14  4  5 18  4  8  2  5  2  2  8  2  6 13 13 18  9 18  5  5  2  5  6 18 13  4  7  8  6
 [737] 13 18 17 18 13  2 13 16  5 13  5  5  4  2  8 13 13 17  2  2  4  5  2 13  5  6  8 12 13  8  5  6
 [769]  8  6 18 18 15  5  2  5  6  6  6 13 17  6  5  5  9 17  4  8  2  5  6  9  8 11  5  9 11 10 13 10
 [801]  9  5  5  3 11  7  8 17  8  5  5 16 11  4  8  2  5  5  5  8  2  8  4 13  6  8  2  4  9 13 18 13
 [833]  8 13 12  8 11 13  5  8  8  2  8 13  8  6  8  8  5 16 13  8  5 13 13  2  5  8  8 11 18  2  6  8
 [865] 18 11  7 18 17  5  4  8  2 17  5  2 18  6  5  4 16  8 13  9 15 11 10 16  4  8  4  2  5 13 13  8
 [897]  2  2 13 13 17 15  2  5  2  7  9 13  5  4 16  8  2  8 16  5  5  5  9 17  4  2  5  1  8 13  5 13
 [929] 18  5 16  5  6 17  4  5  5  8  2  6  5 16  6 11  5 17  8  7  2 11  9  2 13  5  8  2  5  5  8 17
 [961] 18 11  8 10  5  5  2  8 12  6 18 18  6  8 17  5  8  8  5 16  4  5  5 17 15  2  8  9  5  8  8  5
 [993]  6  3  2  5 13  5  2 11
 [ reached getOption("max.print") -- omitted 8999 entries ]

Within cluster sum of squares by cluster:
 [1] 150009438  99617518 231837971  90467541  72596524  51927585 144135093  46653555  61739533 364072834
[11] 102999513 301208286  63085868 612595591 129467717 159120187 129339439 137925372
 (between_SS / total_SS =  97.1 %)

Available components:

[1] "cluster"      "centers"      "totss"        "withinss"     "tot.withinss" "betweenss"   
[7] "size"         "iter"         "ifault"      
Warning: did *not* converge in specified number of iterations
K-means clustering with 19 clusters of sizes 47, 314, 422, 220, 131, 404, 1435, 90, 26, 848, 622, 1509, 192, 942, 790, 846, 146, 425, 590

Cluster means:
          dt   distance aver_speed
1  1547.1915 20844.1374  17.479956
2  1117.8822  6910.9677   8.375148
3   886.9171  5325.0382   7.743648
4  2455.8273  5986.5546   2.534532
5  2906.5420  8359.1012   3.047495
6  1854.6386  4350.6860   2.454159
7   302.3254   658.4914   2.274355
8  1683.0111 15195.7199  14.012522
9  1708.4615 29738.2725  20.370322
10  786.9422  1637.5892   2.153322
11  764.3537  3942.4127   6.286832
12  408.5222  1101.4032   3.020944
13 1029.7812  9030.4947  11.378392
14  377.0085  1571.3217   4.533414
15  653.1354  2944.1142   5.417421
16  502.0638  2157.5719   4.908902
17 1836.0822 11652.3917  10.536423
18 1439.9129  3248.1139   2.353181
19 1105.2102  2333.9264   2.187755

Clustering vector:
   [1] 12  7 11 12  3 16  7 13  6  7 11 15  8 12 18 16  7 19 12 15 12  1 12  7 12 10 12 16 10 13  7 10
  [33]  8  5 14  4 14  6  4 12  2 11 12 19  7 10 15 12 11 10 10  8 14  7  7 16  7  7 12  2 12 16 16  7
  [65] 14 16 17 15  7 12 11  7 11 10  3 14  7 14 15 17 15 16 11 12 10  5 12 10 14  7 10 16  7 14 11 17
  [97] 12 14 18 11 18 14 11 15 10 12 19 14 18  6  7  7 14 14 14  2 18 10 17 19 10 16 12 14  7  7 18  7
 [129] 12  6  6 16 12 18 14 10 14 19 12  7 12 14  4 14 11 17 16 10 13 14 16  6 14 12  7  7 16 10 14  7
 [161]  3  7 13 10 16 11 12  8  7 12 11 17 16 12 19  3 10 17  2 12 19 10  6  7 16  3 17 14  2 10 19  4
 [193]  7  7  7  7  7  7  3  7 15  3  3  7 12  7  4 15  4 14 11 11  6 11 12 11 15  8 12 12 17 15  2  5
 [225] 10 13  7 13 11 10  7 18 19 12  7 10  7 12  2  2  4 12  3 16 15  6  7 16  9  7 18  7 17 14  6 16
 [257] 11 16  2 18  7  3 18 16  7 15  8 18  6 15 10 16 16 13 17 18 19 10  7 10  7 19 14  7 15  7  7  7
 [289] 15 11 15 12  3 19 10  7  3 11 19 11 19  3 18  3 15  6  7 19 16 10  6 16 15 19 16 12 12 12 12  4
 [321] 16 12 14 14 18 17 16 11 15 19 14 11 16  6  4  3  3 15  7  7 19 14 16  5 18 10 19 16 15 19 19 12
 [353]  7 10 10 16 19 12  6 13  6 16 14  7 13 16  5 18 18 14 14 15 18  7 12 15 12  7 16 15 19 14 18 13
 [385] 10 10 12 16  4 14 14 14 15 10 14 19 12  7 14  7 14 10 16  6  5 15 19  7  7 12 10  7  8 15 16 18
 [417]  8 12 14 15 11  7 12  7  7 17  7 17 10 11  7 10 19  1 12 18 12 12  3 12 14 12 12  7 16 12 15 10
 [449]  6  2 12 16 14 18 11 15 11  6 14 12 18 15  6 12  7 10  7  7 10 15 16 15 16 12 16 11 16 19 19  2
 [481]  3  3 14 16 10 11 12 10 12 15 12 12  2 12  3 16 11 13 19 14 16 10 15 13 15 10 16 19 12  7 12 15
 [513] 15  1 16 12 10 19 12 10 16 18 14 14  4  3  6  6 16  4 15 14  7  7 15 12 14 12 12  7 11  6  7 16
 [545] 16  6 16 15  7 19  6  7  7 17  6 14 13 12  7 10 18  6 12  7 14  7 10 12 19  3  7 11 12 12  6 12
 [577]  6 19  6 16 10  7 14  7 14 12  7  3 18 14  7  3 11  2  6  7  7 10  7  7 12 11 14 17  7  7 12 19
 [609] 16 13 11 10  3 14 14 12 12  3 10 12 14 10 14 19  7 14 16 14 14  6 14 14 12 15  7 15 15  7 10  6
 [641] 15 18  7 15  6 15 12 16 10  7 14 14  7 14  8  4 16 10  3 14 19 16 12 12  4 13 12 15 18 10  7 14
 [673] 16  3  3 12  7 14  7 10 19 16  7 11 16  3  4 14 11 18 11 10  4 14  2 15 12 12  2 11 10 19 16 16
 [705]  7 10  2  9 18 12  6 19  7 14 12 14 14  7 14 19 16 16  6 15  6 12 12 14 12 10  6 16 18 13  7 19
 [737] 16  6  3  6 16 16 16  2 12 16 12 12 19 14  7 16 16  3 14 14 18 12 14 19 12 19  7  8 16  7 14 19
 [769]  7 19  6  6  4 12 14 12 10 19 19 15  3 19 12 12 15  3 18  7 10 10 16 15  7 11 12 15 11 17 16 17
 [801] 15 12 12  1 11 13  7  3  7 14 14  2 11 18  7 14 14 12 14  7 14  7 18 19 16  7 14 18 15 16  6 16
 [833]  7 16  8  7 11 19 12  7  7 10 12 16  7 10  7  7 12  2 15  7 12 15 16 14 12  7  7 11  6 10 19  7
 [865] 18 11 13  6  3 12 18  7 14  3 12 16  6 10 12 18  2 12 16 15  4 11 17  2 18  7 18 10 12 16 15  7
 [897] 10 16 16 15  3  4 10 12 16 13 15 15 12 18  2  7 10  7  2 12 12 12 15  3 19 10 12  5  7 15 12 16
 [929]  6 12  2 12 10  3 18 12 12  7 10 16 12  2 19 11 12  3  7 13 10 11 15 10 16 12  7 14 12 12 12  3
 [961]  6 11 12 17 12 12 16  7  8 19  6  6 10  7  3 12  7  7 12  2 19 12 12  3  4 16  7 15 12  7  7 12
 [993] 19  1 10 14 15 12 10 11
 [ reached getOption("max.print") -- omitted 8999 entries ]

Within cluster sum of squares by cluster:
 [1] 231837971 158753685 131448568 123087898 153033091 121716649  37721819 301208286 612595591  48800176
[11] 111645895  52948053 144135093  33904154  90955740  54273121 364072834  67861100  54721048
 (between_SS / total_SS =  97.2 %)

Available components:

[1] "cluster"      "centers"      "totss"        "withinss"     "tot.withinss" "betweenss"   
[7] "size"         "iter"         "ifault"      
Warning: did *not* converge in specified number of iterations
K-means clustering with 20 clusters of sizes 790, 534, 400, 684, 54, 1156, 171, 309, 1577, 123, 105, 1700, 600, 7, 790, 29, 48, 449, 211, 262

Cluster means:
          dt  distance aver_speed
1   883.1139  1815.006   2.127330
2   806.0599  4269.384   6.588057
3   904.8950  5724.125   8.123665
4   663.2734  3248.291   5.882354
5  3596.0556 11838.774   3.663925
6   430.9550  1690.594   4.393817
7  1153.1520 10238.292  11.717898
8  2014.5243  4766.417   2.493160
9   307.0761   680.471   2.318883
10 2771.6423  8451.405   3.314417
11 1187.5429 14289.060  15.995427
12  428.7729  1169.087   3.102822
13 1174.0267  2595.998   2.294931
14 2044.0000 36770.415  20.826965
15  534.0481  2398.097   5.189712
16 1559.6897 26045.937  19.869666
17 1750.6042 19377.601  15.912875
18 1559.5791  3583.967   2.407504
19 2380.4408  6361.383   2.834671
20 1053.4046  7595.316   9.734741

Clustering vector:
   [1] 12  9  2  9  3  1  9 20  8  9  2  4 17 12 13  1  9 13 12  4 12 17 12  9 12  1 12 15  1 20  9  1
  [33] 11 19 12 19  6  8 19 12 20  4 12  1  9 12 13 12  2  6  6 11  6  9  9 15  9  9 12 20 12 15  1  9
  [65] 12 15 11 15  9  9  4  9  2  6  2  6  9  6 15 11  4 15  2 12  1 10 12  1  6  9 12  1  9  6  4  7
  [97] 12  6  4  2 18  6  4  4  1 12 13  6 13 18  9  9  6  6  6 20 18 12  7 13  1 15 12  6  9  9 18  9
 [129] 12 18  8 15  9 18  6  1  6 15  9  9 12  6 19  6 18  5 15  1 20  6 15  8  6  9  9  9 15  6 12  9
 [161]  3  9 20  1 15  4 12 11  9 12  2  7 15 12 15  3  6  7 20 12 13  1  2  9 15  3  7  6  3  6 13  8
 [193]  9  9  9  9  9  9  8  9  4  3  3  9 12  9 19 13 19  6  2  4  8  2  9  4 15 11 12 12  5  4  3 10
 [225]  1  7  9 20  4  6  9 13 13 12  9  1  9 12  3 20  8 12  8  6 13 18  9 15 16  9  4  9  7  6 18  1
 [257]  4  1 20  4  9  2 13  6  9  4 17  4  8  4  1  6 15  7  5 18 13  6  9  6  9 13  6  9 15  9  9  9
 [289] 15  4  4  9  2 13  6  9  3  4 15  4 15  3 13  3  4 18  9 13  1  6  2 15 13 15 15 12 12 12 12 19
 [321] 15 12  6  6 18  5  1  4 13 13  6  4 15 18  8  3  3 15  9  9 13  6 15  5 13  6 13 15  4  1 15 12
 [353]  9  1  1 15 13 12  8 20  2 15  6  9  7 15 10 18 18  6  6  4 13  9 12 15 12  9  6  4 13 12 13  7
 [385]  6  1 12 15 19  6 12  6 13 12  6 15 12  9  6  9  6  1 15 18 10  4 13  9  9 12  6  9 11 15 15  4
 [417] 11 12  6  4  2  9  9  9  9 11  9  7  1  2  9 12 13 17 12 18  9 12  3 12  6 12 12  9  1 12 13  1
 [449] 18  3 12  1  6 13  2  4  2  8 12 12 18 15  8 12  9  1  9  9  1  4  6  4 15 12  1  2 15 15 13 20
 [481]  3  3  6 15 12  2  9  1 12  4 12 12 20 12  3 15  4  7 13 12 15  1 13 20 15  1  6  1  9  9 12  4
 [513]  4 17 15 12  1 15 12  1  6 18  6 12 19  3  8  8 15 19  4  6  9  9 13 12 12 12 12  9  2 18  9 15
 [545]  6  8  1 15  9 13  2  9  9 11 18 12 20  9  9 12 13  8 12  9  6  9  6 12 13  3  9  2 12 12  2 12
 [577] 18  1  8  6  1  9  6  9 12 12  9  3 18 12  9  3  4 20  2  9  9 12  9  9 12  4  6  7  9  9 12 13
 [609] 15 20  4  1  2 12  6 12 12  2  1 12 12  6  6 13  9  6 15 12 12  8  6  6 12  4  9  4  4  9  1 18
 [641]  4  4  9  4  2 13 12  1 12  9  6 12  9  6 11 19 15  1  3  6  1 15 12 12 19 20 12  4 13  1  9 12
 [673]  6  8  8 12  9  6  9  1  1  6  9  2  1  3  8  6  2 13  4 12  3  6 19  4 12 12  3  2  6 13 15 15
 [705]  9  1 20 16 18 12  8 13  9  6 12  6  6  9  6  1 15 15 18  4 18 12 12  6 12  1  8 15  4 20  9  1
 [737] 15  2  8 18 15  6 15 19 12 15 12 12 13  6  9 15 15  3  6  6 18 12  6 15 12  1  9 11 15  9 12  1
 [769]  9 15 18  8  8 12  6 12  1  1  1 15  3  1 12 12  4  2 18  9  6 12  1 13  9  2 12  4  4  7  1  5
 [801]  4 12 12 17  2 20  9  2  9 12 12  3 18 18  9  6 12 12  6  9  6  9  4 13  1  9  6 13 15 15  8 15
 [833]  9 15 17  9 18 13 12  9  9  1  9 15  9  1  9  9 12 20 15  9 12 15 15  6 12  9  9 18  2  6  1  9
 [865] 18  2  7  8  3 12 18  9  6  3 12  6  8  1 12 13 20  9 15  4  8  2  5  3 13  9  4 12 12 15 15  9
 [897]  1  6 15 15  3 19  6 12  6 20  4 15 12 13  3  9  1  9 20 12 12 12  4  3 13  6 12 10  9 15 12 15
 [929] 18 12 19 12  1  3 18 12 12  9  1  1 12 20 13  2 12  3  9 10  1  2  4  1 15 12  9  6 12 12  9  8
 [961]  8  4  9  7 12 12  6  9 11 13  8  8  1  9  8 12  9  9 12 20 13 12 12  3  8  6  9  4 12  9  9 12
 [993] 13 17  1 12 15 12  1  2
 [ reached getOption("max.print") -- omitted 8999 entries ]

Within cluster sum of squares by cluster:
 [1]  54085448 116066603 146222737  85061156 168399969  55004240 199186546 105704278  47162829 129024691
[11] 224052293  74733032  65870489  83552475  60448137 128717838 217056065  90620234 116386006 160248181
 (between_SS / total_SS =  97.7 %)

Available components:

[1] "cluster"      "centers"      "totss"        "withinss"     "tot.withinss" "betweenss"   
[7] "size"         "iter"         "ifault"      
